PhotoID, X, Y, Z, Omega, Phi, Kappa, r11, r12, r13, r21, r22, r23, r31, r32, r33
image_225_leftcam,-11.1093293605765170,-24.5828048677970510,-7.1880790007599744,14.0158886578596000,-6.7121078744917364,-12.5828942112632150,0.9692924389522724,-0.2389936503372518,0.0579154805594427,0.2163587066898324,0.9407586753419232,0.2610785797579214,-0.1168806135741032,-0.2405309748605898,0.9635786279817313
image_225_rightcam,-9.2859715304930361,-23.0086047679808880,-6.7820880566513297,11.7112615604196510,-4.4284909305082554,-15.3761140252151680,0.9613273710985542,-0.2747464854497858,0.0190802072770064,0.2643625505533099,0.9399783138459620,0.2157619321480300,-0.0772148136155983,-0.2023737587541750,0.9762595629882535
image_226_leftcam,-10.8995932995031520,-23.8329182481029630,-6.9741195337446307,10.6997291929801830,-4.3593620306993923,-14.0142576045927140,0.9674285227533261,-0.2516454628043740,0.0275066248981876,0.2414627396130044,0.9499491335788174,0.1982230788567183,-0.0760118329071177,-0.1851248353485474,0.9797708898488839
image_226_rightcam,-9.7078472398243552,-22.5661608612848990,-6.8794648386317920,12.5721578147388690,-9.5457990284384984,-17.0852952252366950,0.9426328783422391,-0.3212548959525144,0.0907664502708174,0.2897269396178264,0.9223440380295109,0.2556164626371019,-0.1658359343686224,-0.2146549960703351,0.9625080132311267
image_227_leftcam,-10.2410700853684030,-22.5982395495725610,-6.8030655243189058,11.3698974090512320,-6.9786767188551240,-15.0271904870422000,0.9586476808244613,-0.2773227225362092,0.0639275497339514,0.2573565363387064,0.9406384858023961,0.2212845503669874,-0.1214999475457752,-0.1956817482354458,0.9731117182286387
image_227_rightcam,-9.5688195145390011,-21.8768285141710880,-6.8286614987771026,10.8732872657037480,-6.0733548970871318,-15.3449027907949610,0.9589376712818507,-0.2791246174266888,0.0502791263144681,0.2631435992675433,0.9417556100799565,0.2094082544873813,-0.1058016481963502,-0.1875788336389101,0.9765347881205266
image_228_leftcam,-10.6459200192187030,-22.1340641297840830,-6.9970830809264033,11.3444590935755980,-10.6354545914744150,-16.8481298998174260,0.9406350686511086,-0.3189189964003003,0.1161737550342157,0.2848568732520491,0.9278550648963877,0.2407104906463085,-0.1845595551164736,-0.1933278362811361,0.9636192808023633
image_228_rightcam,-9.1122002016334740,-21.0157215292518630,-6.6568467977533716,10.8035971325515840,-3.1854695191362254,-12.8432439423250710,0.9734754075094978,-0.2284998446099012,0.0115521421160032,0.2219409734311118,0.9553854925978786,0.1948865435220183,-0.0555682938974003,-0.1871533637067738,0.9807577596769613
image_229_leftcam,-10.4919217166692050,-21.4213017361206290,-6.8996281519030456,9.6792720076368202,-7.0694048095527968,-14.6061268657451590,0.9603256944999041,-0.2686066277570098,0.0750002667214192,0.2502557689336605,0.9486885819080683,0.1932925882507674,-0.1230715669791330,-0.1668545896350039,0.9782703794550028
image_229_rightcam,-8.5728196549195506,-20.0860321049153150,-6.4711255124544413,11.7559650425329230,-2.2768388098758536,-12.5097711601536650,0.9754883604508282,-0.2199647725458537,-0.0061609628960163,0.2164351045967616,0.9540280552599294,0.2073314141058853,-0.0397278758951962,-0.2035828298649178,0.9782513620031653
image_230_leftcam,-10.0771248405200710,-20.5913000243454360,-6.7111152359028967,9.8833180700083521,-4.7223376723563426,-12.2089549061005830,0.9740649968235522,-0.2221502956025170,0.0429724112291561,0.2107596678457882,0.9598895017571045,0.1849121597570878,-0.0823270573545929,-0.1710596111892343,0.9818150869930253
image_230_rightcam,-7.9135692591397735,-19.3439050825289730,-6.2703419098755928,10.5546989134489060,-5.7538092295699066,-13.2877638050659770,0.9683247169411806,-0.2438254214991919,0.0538182719113513,0.2286839212588071,0.9525406221127770,0.2009229389161422,-0.1002542104775580,-0.1822512744969028,0.9781275817733474
image_231_leftcam,-9.5112483538309416,-19.7215745508323690,-6.4932374997983260,11.0097603704100850,-4.0305387414443885,-12.1934850676905770,0.9750224425468632,-0.2204467335895779,0.0271011841002332,0.2106912672730007,0.9566146091181351,0.2012403526051736,-0.0702881670329087,-0.1905038773134116,0.9791669144245586
image_231_rightcam,-7.4379277994995991,-18.7512141340844560,-6.1350840841758325,8.5622883973835062,-8.9590266150085860,-13.6111448810331890,0.9600578362993606,-0.2552426525828551,0.1146304464907044,0.2324601192553431,0.9556265775183451,0.1809423590438851,-0.1557281089462723,-0.1470681224570525,0.9767905217808861
image_232_leftcam,-8.8896761616682323,-18.9419984615304880,-6.3660079542251609,9.1762039573952414,-8.0281847239102042,-13.0859372224761630,0.9644855590112171,-0.2452081721222332,0.0981863472347001,0.2241932901606411,0.9565238741610448,0.1865460983427222,-0.1396602130378101,-0.1579082977060389,0.9775274903601506
image_232_rightcam,-7.0768026637836892,-18.2432702329786630,-5.9603290994863158,7.2034785902577241,-12.3068764735672700,-13.3512205175354060,0.9506139116728667,-0.2551019653291159,0.1767941690758887,0.2256131014499683,0.9591213767694278,0.1708359244364121,-0.2131476469214184,-0.1225119255792667,0.9693084693237353
image_233_leftcam,-8.3991402731074132,-18.3967223400921720,-6.2688768953639942,7.4058316205817727,-11.2008883720247730,-13.0884468430878390,0.9554686251019735,-0.2489534795993627,0.1584357012832469,0.2221414291100225,0.9602264086784609,0.1691698245829396,-0.1942495609228022,-0.1264413265978941,0.9727690882267299
image_233_rightcam,-6.7372970572358488,-17.5650015545443310,-5.6340550306882937,6.3346281602972851,-14.9165838070589290,-13.4393472814095110,0.9398408919871779,-0.2586207424368330,0.2231914185854091,0.2245838520191522,0.9600771569203850,0.1667751365519158,-0.2574124922395679,-0.1066169045747062,0.9604018140850851
image_234_leftcam,-8.0634003881939549,-17.7777161245102350,-6.1521106338869567,5.8058461298106607,-14.4902747040209280,-13.2572515077938750,0.9423880934308729,-0.2527839721190517,0.2191003076205943,0.2220288282082805,0.9625528668787324,0.1555479922981684,-0.2502156685824898,-0.0979399913377964,0.9632236901636971
image_234_rightcam,-6.4796501469720695,-16.8652042308416660,-5.2845216262711476,7.0314257571703465,-13.9773834091685920,-13.5994810253666110,0.9431844154776011,-0.2621035953804015,0.2042176870127627,0.2281712813006887,0.9577008059463756,0.1753483181535108,-0.2415388680725695,-0.1187891896526351,0.9630929880504231
image_235_leftcam,-7.7442089755349031,-17.2279871802777290,-5.8755779001558288,5.6311480091235788,-16.9621274411287960,-13.2006536793444230,0.9312235916214662,-0.2551301549357844,0.2602522362056851,0.2184277302366065,0.9623407831781579,0.1618318377073375,-0.2917395226418614,-0.0938553199051199,0.9518819411325159
image_235_rightcam,-6.0804732911588930,-16.2089142903636510,-4.9603631053939035,7.6355665125770260,-11.2163845278619620,-12.8285647951233360,0.9564151213986767,-0.2452662829425827,0.1584757584347955,0.2177936738613181,0.9606547568111387,0.1723611146463201,-0.1945148610927826,-0.1303337587413985,0.9722021806941161
image_236_leftcam,-7.4322389439691783,-16.4289764270210630,-5.4623705702605347,5.9855505894844070,-15.6116752854405760,-13.3276883433987510,0.9371689327590316,-0.2565702526427742,0.2364024046623065,0.2220155997857360,0.9612936061193936,0.1631676324696547,-0.2691160807589873,-0.1004306143205120,0.9578571014426561
image_236_rightcam,-5.7488156860387729,-15.2565122813174070,-4.7312830358463902,7.0114456483624252,-9.8245447726525210,-12.9230138620868650,0.9603777817294110,-0.2422702250459329,0.1377666665659331,0.2203618995322418,0.9627245013507616,0.1568507817432543,-0.1706316195640133,-0.1202774814964167,0.9779663480150229
image_237_leftcam,-7.0871997741728308,-15.6660076389761360,-5.1116354873397594,6.1376770475672853,-12.7812369682519570,-12.5232350560679060,0.9520195262768966,-0.2386831800461737,0.1915441493508993,0.2114627297510527,0.9654834958248096,0.1520695012687892,-0.2212291470709660,-0.1042686858694921,0.9696317371215231
image_237_rightcam,-5.3288924258640122,-14.4707594062889160,-4.4626860941488751,8.6039346622296922,-8.4938028866501476,-12.9158513507360500,0.9640087385357674,-0.2425420184196702,0.1089060206214100,0.2210681834943474,0.9587911689873044,0.1784610672344747,-0.1477024382777350,-0.1479623721520793,0.9779013887677742
image_238_leftcam,-6.7120384275110831,-14.8026089965439790,-4.8772699226097815,6.1794279643204515,-11.5540622668942970,-12.5096644088817190,0.9564767112147627,-0.2363938646090909,0.1710854806199820,0.2122150519306986,0.9659171220367542,0.1482190442901486,-0.2002924677511422,-0.1054611498676786,0.9740435684458602
image_238_rightcam,-5.0018337851553367,-13.3342182577441780,-4.1227560095731883,7.9564852622769360,-7.8841346669525390,-11.8871793675740990,0.9693052935401314,-0.2225823690621966,0.1044238329967823,0.2040381482080944,0.9652239313157314,0.1634356034994099,-0.1371702664242201,-0.1371125501114491,0.9810119604831759
image_239_leftcam,-6.2610829025453505,-14.0435927941804980,-4.5406996933490351,7.8187057525365100,-9.8368357777320981,-12.4684167096364970,0.9620601714494750,-0.2365874536661762,0.1358918808404743,0.2127272899543583,0.9623200714998202,0.1693729024881353,-0.1708429882063678,-0.1340390120686361,0.9761384208319961
image_239_rightcam,-4.3908974967607142,-12.8491403835516420,-3.8470148617568176,8.7507705670614229,-6.4737428221109052,-10.4327621551996740,0.9771971308786080,-0.1958431569283103,0.0820440447989372,0.1799268863015276,0.9689138853931149,0.1698004660719603,-0.1127478735429362,-0.1511665987471144,0.9820573183041687
image_240_leftcam,-5.8942800421214345,-13.0255758761805430,-4.2057509816007306,7.2494226693647050,-9.5685992930829062,-11.4995568921078540,0.9662928127263655,-0.2183218275625169,0.1364323263861311,0.1965867123382306,0.9679111131420721,0.1565303216253033,-0.1662283507871474,-0.1244333422593709,0.9782047222993496
image_240_rightcam,-3.9402834625931478,-12.3107415827831550,-3.6726803992751527,8.7414685967730090,-1.3017003673445275,-9.7575594126573826,0.9852793759012288,-0.1709133847218369,-0.0036285460738894,0.1694357966943041,0.9735007775748269,0.1535830292049679,-0.0227170029328564,-0.1519369967589624,0.9881290840743511
image_241_leftcam,-5.3471855209974022,-12.5515385699439040,-3.9280034114737923,7.9538855964500854,-7.8005051174481936,-9.8672498658975822,0.9760909642917739,-0.1882205775386298,0.1087172645856190,0.1697802755471032,0.9725110854215586,0.1593638816273373,-0.1357243068249183,-0.1370955977528338,0.9812154246717124
image_241_rightcam,-3.7183545118080490,-11.2404775228901310,-3.5779662748873724,9.7530562013833766,1.1664536625035660,-8.8892838325431462,0.9877840471559949,-0.1488851427069063,-0.0459988093896724,0.1544935813266900,0.9742422922270575,0.1642671280719981,0.0203570506944569,-0.1693669693810246,0.9853427932297016
image_242_leftcam,-4.9887941283279966,-11.9515016463117940,-3.7091206997381323,7.8372857547972252,-2.5531993172302871,-9.2595253552600720,0.9859898552326925,-0.1653989592570742,0.0216145704304029,0.1607469167454995,0.9767732370481770,0.1416844103747530,-0.0445469879456468,-0.1362249157206664,0.9896758753257897
image_242_rightcam,-3.2892721758519698,-10.0411591228588610,-3.3171118334985996,9.2710342976841620,0.9698960199731236,-9.4710099376393746,0.9862276645954606,-0.1597092398387146,-0.0429878156775098,0.1645249764341717,0.9739330608700112,0.1561599342779907,0.0169270705061114,-0.1610818166476622,0.9867958870149237
image_243_leftcam,-4.6776259822487685,-10.8413224690217530,-3.5239314096807357,9.1610867469223081,-0.5286613993384981,-8.3920336411791343,0.9892505230770268,-0.1455371585375321,-0.0142245589263958,0.1459392670103160,0.9764594405801946,0.1588354218878939,-0.0092267511249057,-0.1592039458890225,0.9872025985971898
image_243_rightcam,-2.8976600646819910,-9.2233444763361216,-3.0109974144620288,8.0187255785221385,-0.0218199826823917,-9.9921870224011045,0.9848313514847387,-0.1718696776519491,-0.0238332338669835,0.1735138729348453,0.9751930462214614,0.1374462022045616,-0.0003808305313305,-0.1394967257863853,0.9902224590782541
image_244_leftcam,-4.2282234495173014,-9.7311564505837786,-3.2655166271471567,8.4037418764123757,-0.8566826105508972,-9.2913355689383614,0.9867698317694915,-0.1618774522357701,-0.0089994203849737,0.1614365370427990,0.9759310086943448,0.1466182484429131,-0.0149513750952381,-0.1461312996126932,0.9891522125822025
image_244_rightcam,-2.5601015446669262,-8.7523817226982707,-2.7993300040017872,8.3013405166614849,-2.2545677564191280,-10.7664397126427310,0.9816363682121923,-0.1904284699687976,0.0112711325304968,0.1866613141150441,0.9710426667588780,0.1491096681863779,-0.0393394765600934,-0.1442675887340937,0.9887564252255601
image_245_leftcam,-3.8696041108370700,-8.8906394276081695,-2.9739811365521742,6.9848870363347428,-2.3164451168354492,-9.6124293043477298,0.9851541447442416,-0.1705895296153067,0.0192489864374825,0.1668461848421165,0.9778215477360293,0.1265992550797461,-0.0404185810843511,-0.1215081609141734,0.9917671627627036
image_245_rightcam,-2.3197939631407576,-8.1347680428937021,-2.6280312462661453,8.5362872442436899,-3.3369989620619775,-11.5429909019784120,0.9781135658214351,-0.2063519173164504,0.0266971641921408,0.1997638602239225,0.9671920007427989,0.1569523298571234,-0.0582086978424570,-0.1481840744444790,0.9872452722482487
image_246_leftcam,-3.5248282970975215,-8.3836432594550843,-2.8006842591708945,7.2719236565830547,-4.1861624118882803,-10.4072234530040290,0.9809247302225033,-0.1882780459785320,0.0483533974030296,0.1801612143147995,0.9739684933930803,0.1375765631720391,-0.0729973321055392,-0.1262408463220962,0.9893101830191351
image_246_rightcam,-2.0766801184294867,-7.4882183958909438,-2.4857950387313998,8.7150971394516716,-4.5773982856602746,-10.0023092931895090,0.9816596696305315,-0.1835909396819505,0.0513678877079289,0.1731338816270470,0.9713299604304017,0.1629195108114016,-0.0798057144171248,-0.1510379913696322,0.9853012600770383
image_247_leftcam,-3.2888839092657292,-7.7944882471127723,-2.6705675735024479,7.8099605771476268,-5.3680726043542704,-10.9725572353936940,0.9774128910007349,-0.2010536435170588,0.0651265916051267,0.1895040286007335,0.9701925330979219,0.1510452642922994,-0.0935535336033756,-0.1352918369657002,0.9863791640139041
image_247_rightcam,-1.9293471267334563,-6.5247336827643405,-2.3295493951070334,4.8552076604094792,-7.6702561286754474,-8.4508594144395932,0.9802920409847453,-0.1576079015259848,0.1191103008078556,0.1456461959730931,0.9839328121403469,0.1032637728932859,-0.1334717197781226,-0.0838806924754696,0.9874964959174822
image_248_leftcam,-3.0575737953432456,-7.1756499729311223,-2.5449066861176979,7.8001527910264166,-6.5231449936941939,-9.3304662041400803,0.9803813445606027,-0.1758426669405996,0.0890605171822084,0.1610789316945314,0.9751398073617794,0.1521707391799763,-0.1136045641763286,-0.1348395809161738,0.9843334244130173
image_248_rightcam,-1.5989831944385409,-6.1583939834340677,-2.1829102812705532,2.2770359063805157,-13.8322783856046140,-7.8373210368571060,0.9619298579451903,-0.1456634765930356,0.2312425133498957,0.1324063912552862,0.9885817138815148,0.0719356833139081,-0.2390805218923084,-0.0385790949338761,0.9702330428746409
image_249_leftcam,-2.8816604892120292,-6.2531786342162263,-2.4868820123644726,3.5166033784796125,-10.3385803803276670,-7.9487921121141953,0.9743124667681420,-0.1489298109804674,0.1689234397634044,0.1360428109498366,0.9870049459998719,0.0855195308725280,-0.1794646781097754,-0.0603419255005378,0.9819120537695025
image_249_rightcam,-1.2887339730364977,-5.8658271909494317,-1.9385124371523774,5.6666998812659797,-16.6515822155242540,-7.1907591427384849,0.9505297123020653,-0.1526334267019518,0.2705481529860682,0.1199240796661515,0.9837447570133411,0.1336580269381112,-0.2865510096774737,-0.0946006876401135,0.9533830440860788
image_250_leftcam,-2.5151345709019148,-5.9419215571166371,-2.4408693501634566,1.4648202279346472,-16.3673230734820370,-7.5636265660635189,0.9511267422952647,-0.1387249638286439,0.2758863978189908,0.1262928951611691,0.9900271717774735,0.0624203794774369,-0.2817942950497880,-0.0245272002690626,0.9591612959895506
image_250_rightcam,-1.1657478307784859,-5.2220444749355739,-1.5535083577311624,9.1691432358590497,-14.9860266861388710,-6.2010548254981899,0.9603368936256085,-0.1476014971916651,0.2365731361932200,0.1043438608012953,0.9769950803336505,0.1859918592759482,-0.2585834670944700,-0.1539298899844441,0.9536457306121493
image_251_leftcam,-2.2076891463460044,-5.6495155604081457,-2.1839496371971836,5.6563555521022852,-18.5691228922797360,-6.6801396142314724,0.9415046257980975,-0.1469338242444405,0.3032812076171038,0.1102705311170867,0.9847239039010522,0.1347562356740021,-0.3184485037929059,-0.0934306394004420,0.9433245814953007
image_251_rightcam,-1.1708882761371184,-4.8689831140665465,-1.2353899534439665,10.2781422833681170,-12.8081872710600080,-6.6750172339461695,0.9685077800314965,-0.1536593653124506,0.1959119176319740,0.1133454100740899,0.9726855905295150,0.2025723574217008,-0.2216878391648917,-0.1739871875398412,0.9594701457254298
image_252_leftcam,-2.1183656014350452,-4.9540281088553115,-1.7605879907415336,8.5586816462727491,-16.7095957609578600,-5.9871203282769594,0.9525500478065899,-0.1456994726343639,0.2672453369054949,0.0999005577302729,0.9790069141763219,0.1776663743090864,-0.2875209296535535,-0.1425381551340703,0.9471085414788170
image_252_rightcam,-1.3223097295815471,-4.4623639919260860,-1.0942602669364785,12.7666635226167530,-10.2029129368912700,-5.8240269329988941,0.9791064720376257,-0.1379062592154128,0.1494402224411000,0.0998688500789899,0.9662719239872880,0.2373705577737165,-0.1771347769296993,-0.2174866262166859,0.9598556340507406
image_253_leftcam,-2.1453879783773937,-4.6475671310799953,-1.4569685886545756,9.9373422621172107,-14.2355800923113310,-6.4098340145142485,0.9632335595662720,-0.1521361428897552,0.2214400680814504,0.1082113637943966,0.9741019937110669,0.1985336409626382,-0.2459093541755704,-0.1672719339122759,0.9547505902874328
image_253_rightcam,-1.4120816463657966,-4.0652707090058744,-0.9495107724219849,14.5261830975685610,-6.1401106751468060,-4.7984665618857187,0.9907785138470278,-0.1077110776831038,0.0821964734244680,0.0831712926787589,0.9623960657645978,0.2586046184331753,-0.1069601447886975,-0.2493835125768510,0.9624798133372007
image_254_leftcam,-2.2784335946796777,-4.2620563012634438,-1.2359231975133840,12.6343174807645710,-11.4209624626807200,-5.4018932876208243,0.9758455876897327,-0.1349809001339876,0.1717717834380813,0.0922771011475711,0.9673749168948547,0.2359464065555440,-0.1980159730685419,-0.2143966575338610,0.9564641904682198
image_254_rightcam,-1.4702275037520229,-3.5079715556169111,-0.8004173829720244,12.9209281348686370,-1.7942434602060584,-3.8842083707849988,0.9972138244162303,-0.0730101997716670,0.0153002981166103,0.0677070980939482,0.9719664697286407,0.2251597890186876,-0.0313103379229983,-0.2234965155266288,0.9742017092402390
image_255_leftcam,-2.3803469509452535,-3.8793467796776691,-1.0291641610187006,14.0550715677039800,-7.2332928501334193,-4.4181183363941958,0.9890937969263476,-0.1052149839641680,0.1030692390155329,0.0764212552121393,0.9648246155215932,0.2515417520719198,-0.1259097003158305,-0.2409217060229943,0.9623427034759229
image_255_rightcam,-1.6016810356556168,-3.0313012527973293,-0.8044942522402175,11.5492220359368310,-0.1600877347523078,-2.9041672710850714,0.9987117764219389,-0.0501984352490058,-0.0074097729173523,0.0506653816327122,0.9784664049835701,0.2000912627341338,-0.0027940544280649,-0.2002089194243848,0.9797492443695854
image_256_leftcam,-2.4285059251500929,-3.3408322997394118,-0.7950869862385799,11.7137994881121600,-3.0952075595795048,-3.1984749063113451,0.9969857123353920,-0.0655781567663502,0.0414607616213106,0.0557135343817970,0.9770369927260886,0.2056567940318274,-0.0539952913297027,-0.2027269597263500,0.9777455130627456
image_256_rightcam,-1.4476129829966466,-2.5941261438970660,-0.6113214400941666,11.9948303314507040,3.0145050233875641,-2.8563512197168301,0.9973755823425148,-0.0378284700758814,-0.0617329296133559,0.0497631311698717,0.9774957156439231,0.2050018455379002,0.0525887680317724,-0.2075358589485040,0.9768128217460126
image_257_leftcam,-2.5308503172032335,-2.8350861331938542,-0.7872104196571697,11.1086807964881730,-1.6537206337538539,-2.4202374329174567,0.9986918446978204,-0.0469926308223629,0.0201566858004421,0.0422109627727946,0.9801533727732900,0.1936946061792579,-0.0288588626916996,-0.1925903904392356,0.9808547841319859
image_257_rightcam,-1.4776258480584288,-2.2086896462596251,-0.4744229794673269,12.9300159462093700,4.7786326932833720,-2.6445765295994650,0.9954626726788336,-0.0263494473390024,-0.0914317993262895,0.0459797971722418,0.9744661676524995,0.2197761278042969,0.0833062155851125,-0.2229829471631861,0.9712562379307052
image_258_leftcam,-2.4170510177056599,-2.4741931784164919,-0.5664084459450484,11.4170114175645720,1.7294248293208596,-2.4009234548215876,0.9986670478153008,-0.0350940679370525,-0.0378488309396950,0.0418726749207689,0.9796022326285780,0.1965353528607137,0.0301795742655804,-0.1978582124268162,0.9797659521908350
image_258_rightcam,-1.3639399471270139,-1.7294193393998802,-0.2419352271352606,13.0460491204375750,2.5844853697021755,-3.0143260019252973,0.9976006416470811,-0.0410635298110234,-0.0557381943086736,0.0525321585940713,0.9733763489721902,0.2231117557974403,0.0450924838391013,-0.2255044784057039,0.9731980261592150
image_259_leftcam,-2.4624259419436187,-2.0602201511563552,-0.4131692292279275,12.5192297424378330,2.8909527470821579,-2.2420999920827223,0.9979627478121609,-0.0272675089330290,-0.0576787390273815,0.0390722512312668,0.9759036624551881,0.2146751051945041,0.0504352373140285,-0.2164913960487521,0.9749809035432130
image_259_rightcam,-1.1901792478550566,-1.3623099336429811,-0.0298461970129454,10.1656016174682030,-0.3893700340384164,-2.8290950249530558,0.9987581393141047,-0.0497800868930369,-0.0020302962220141,0.0493558214929625,0.9830428825106288,0.1766088730215704,-0.0067957367946559,-0.1764897563432964,0.9842790172848865
image_260_leftcam,-2.2850550842511965,-1.5992711158037771,-0.1719652754834514,12.2229745289670810,0.6070161260535496,-2.6283612314077933,0.9988919314601490,-0.0425773142427591,-0.0200519718652938,0.0458548963130691,0.9764057763802980,0.2110191658008947,0.0105942318235385,-0.2117048231927207,0.9772762301872526
image_260_rightcam,-1.1075830875505948,-0.9889915899825641,-0.0644918157271721,6.4540922543624388,-5.4439231173393363,-2.1104695320255611,0.9948142691655011,-0.0472499104877871,0.0900667298374182,0.0366602091363521,0.9925954959424258,0.1158024632764301,-0.0948714863949612,-0.1119000777198396,0.9891803544730884
image_261_leftcam,-2.1370825313643005,-1.2092178707408012,-0.0603494888102592,8.8315850138126368,-2.7654629370963377,-2.1635138710267827,0.9981233912599270,-0.0447060988676697,0.0418456753299203,0.0377075023514679,0.9871598628500024,0.1552209697314730,-0.0482476951387006,-0.1533517848021305,0.9869931053517062
image_261_rightcam,-0.9112300892055522,-0.7488682096832426,-0.1867893286491125,7.2562078592757659,-7.8862042601700093,-2.4589823135621014,0.9896304294983290,-0.0598746070613030,0.1305627988372174,0.0424983990365225,0.9903343078888467,0.1320297114200124,-0.1372060461141768,-0.1251119100948186,0.9826095414060156
image_262_leftcam,-2.0299402019195165,-0.8612831787288204,-0.2057392568010419,5.6315111570315404,-7.9629298263402877,-1.7707272320481362,0.9898849881720713,-0.0443386865716741,0.1347656894935695,0.0306021592423091,0.9942783014724570,0.1023433782457580,-0.1385323718171559,-0.0971840526740095,0.9855780242398716
image_262_rightcam,-0.6592798233481292,-0.3618421963171854,-0.1946024260468320,5.0668969513735247,-7.8500729183326170,-0.0704953416786340,0.9906281054177986,-0.0132882629276900,0.1359388790034238,0.0012188454821722,0.9960766628755812,0.0884861350175067,-0.1365813719803456,-0.0874911637996114,0.9867577337345556
image_263_leftcam,-1.8028764891372473,-0.5348015145299487,-0.3208306784421005,6.4724399145329645,-9.7725486978545604,-1.5716497521198123,0.9851186026388494,-0.0463787012420937,0.1655003166340699,0.0270290387409099,0.9927276191279111,0.1173085899897017,-0.1697373553453193,-0.1110895597782535,0.9792080166689052
image_263_rightcam,-0.5793524406832719,-0.1989246303405602,-0.2718387826525500,5.0200615669117967,-7.7924483636651791,-0.1642866658029060,0.9907616464377616,-0.0147205946599214,0.1348134416176456,0.0028408614903256,0.9961260062410321,0.0878914625904265,-0.1355849897810552,-0.0866965038692440,0.9869652611733208
image_264_leftcam,-1.6190766826234522,-0.2756015348408213,-0.3818140673899771,4.3679377221091338,-9.8416230083561906,0.3367104776669266,0.9852669746527536,-0.0071580264019348,0.1708734950676657,-0.0057901914522164,0.9971548115303878,0.0751582033097098,-0.1709253121733497,-0.0750402858458461,0.9824222580736944
image_264_rightcam,-0.4569510745417013,0.0038255320717354,-0.2071936352439492,8.2274176674186013,-6.6716743435110413,-0.1398285196172196,0.9932252496008740,-0.0190409135787429,0.1146344065513001,0.0024239393058128,0.9896643440330356,0.1433827418760832,-0.1161797231599544,-0.1421334927444921,0.9830057691421388
image_265_leftcam,-1.5474913055307458,-0.1090806210221179,-0.4521307452105774,4.7151881330612122,-9.7682628395487221,0.3149306941886603,0.9854871422649558,-0.0084686504922937,0.1695387105922727,-0.0054168610336428,0.9966772356117621,0.0812720470385629,-0.1696636379634517,-0.0810109250171581,0.9821667271807120
image_265_rightcam,-0.3520182442500088,0.6278463131446013,-0.0360157332385242,8.7760621900277780,-3.9561132372394665,0.7038603395992952,0.9975419129369130,0.0016149765711240,0.0700537207066064,-0.0122551000786109,0.9883469491753263,0.1517238299605189,-0.0689923507080873,-0.1522093949350697,0.9859372980252205
image_266_leftcam,-1.3920184600138841,0.1228896833702858,-0.3053373202700706,8.0435579831568678,-7.9773529736002233,0.2664662178201403,0.9903122917702427,-0.0148139968025596,0.1380656013187335,-0.0046056913029290,0.9902415834012126,0.1392852975395523,-0.1387816716154977,-0.1385718297555220,0.9805801831680134
image_266_rightcam,-0.2000870727173467,1.2188063569379284,0.1436373433112630,11.1529569047635540,-3.6817072497819110,3.3683413232678374,0.9962121811006552,0.0452458378802071,0.0742570157035246,-0.0586335291213578,0.9801491538930549,0.1893930975128287,-0.0642137017267372,-0.1930296616513819,0.9790894495567313
image_267_leftcam,-1.2933670068197147,0.7513891991800547,-0.1146362788009120,8.2702089924474222,-5.7861030139977467,1.3913268531532488,0.9946118693993411,0.0095312231013955,0.1032297681685841,-0.0241571417977999,0.9896610623952631,0.1413768512835123,-0.1008149877255817,-0.1431088304922892,0.9845588864486573
image_267_rightcam,-0.0611948049544850,2.0611332997664040,0.4569388108432863,13.3282969251045530,-3.0940978635866174,5.5859075915152721,0.9938005294239378,0.0823323164525674,0.0747120966394036,-0.0971962157293277,0.9696556006257171,0.2243232306808151,-0.0539759517248124,-0.2301942784752362,0.9716466388521429
image_268_leftcam,-1.1489428536906698,1.3196522722943906,0.0762801389286574,11.7279486538322360,-5.5597427233671661,4.2932714520867341,0.9925028505449718,0.0536610137210665,0.1098115989617369,-0.0745094513962780,0.9778505400911668,0.1955931054409618,-0.0968836070381955,-0.2023087166926846,0.9745177011411479
image_268_rightcam,-0.0558601825613976,2.4993857573908098,0.5089880846354853,11.4781861233976340,-3.8970889429235176,6.0740629065452758,0.9920866611102279,0.0902490371774252,0.0872878464375646,-0.1055692658800901,0.9759298541459375,0.1908298977839384,-0.0679646007028585,-0.1985347100011409,0.9777345150786404
image_269_leftcam,-0.9810071627858122,2.0975762399926716,0.4028193424924010,12.6193137100556710,-4.8101218707341911,6.1655608664120329,0.9907141333533718,0.0865935143887178,0.1048192217090390,-0.1070235131927729,0.9721661764466878,0.2084199918359654,-0.0838538824250500,-0.2177027529427185,0.9724063131034308
image_269_rightcam,0.0286824875007149,2.9060405383242802,0.4416096379967481,10.9348980689198760,-9.9226379653676045,4.0681246916317919,0.9825594133719628,0.0370491450272458,0.1822206356231221,-0.0698813213279527,0.9816884527533281,0.1772128174264952,-0.1723183104710695,-0.1868559407231337,0.9671562734599146
image_270_leftcam,-0.9774843058625687,2.5162431468621951,0.4005080167134725,10.8944588463881260,-6.1951861760476534,6.2161993500432189,0.9883147603429929,0.0860526692866343,0.1258128475030186,-0.1076480756707313,0.9784118565374017,0.1764146558294505,-0.1079158296662783,-0.1878967192254302,0.9762422837655408
image_270_rightcam,0.2250923500603710,3.1053190215217574,0.3929780082660982,13.3930756020154970,-17.4000681549379830,-1.1618721853479574,0.9540437794981889,-0.0889785881005986,0.2861525426419191,0.0193492244468138,0.9711993306286151,0.2374815102272959,-0.2990419273515307,-0.2210309278045823,0.9282883467111540
image_271_leftcam,-0.8686233961940065,2.9770328824370069,0.2328672781341399,10.4122048768306640,-12.8140443237874140,3.9960222310274567,0.9727244565523769,0.0285537643313257,0.2301995094855637,-0.0679516587061529,0.9839352168211023,0.1650880406882741,-0.2217875192700562,-0.1762276131646854,0.9590381247136698
image_271_rightcam,0.2092461496413398,3.7715424157183879,0.4931796815212718,24.4727520601053930,-17.7599084528328210,-4.6547901691476508,0.9492019800354353,-0.1998059175259321,0.2430909221226282,0.0772846167806501,0.8969019409439654,0.4354239271560718,-0.3050289971558072,-0.3945180650522466,0.8667830220081344
image_272_leftcam,-0.6410937458893002,3.3275183498216294,-0.0080035130604375,14.2151849693463960,-19.8198647892893800,-1.7734156844345959,0.9403126696100193,-0.1132215757140509,0.3209251597548978,0.0291138016917903,0.9663392849562114,0.2556184126806388,-0.3390641088672320,-0.2310178805701963,0.9119573832887831
image_272_rightcam,0.2277490983083344,4.6373365102956514,0.7647744448628975,31.2883300523752510,-16.5304532220159570,-2.4102685262093888,0.9578205173221752,-0.1835743608019087,0.2210889202399143,0.0403165369726451,0.8475943190084199,0.5291109970801839,-0.2845249258733125,-0.4978798293170993,0.8192443116164812
image_273_leftcam,-0.6340690787630759,4.0861710139880403,0.3299457378217027,25.1953227832329110,-18.9946994457521510,-4.3505971975129203,0.9428241221835292,-0.2068018218967742,0.2613726861954649,0.0717286612055258,0.8917434961195041,0.4468204743408999,-0.3254806811325687,-0.4025252086375948,0.8555908967612615
image_273_rightcam,0.3416066531524264,5.2108201179600533,0.8814577834148971,35.4093304939139410,-15.4099366445530790,0.3066071529000028,0.9640355316452356,-0.1496001076036967,0.2196708936806390,-0.0051588967573707,0.8158456835531001,0.5782466657163030,-0.2657233138242390,-0.5585835912669996,0.7857324557745636
image_274_leftcam,-0.6140044993189779,4.9122677681182809,0.5911598834524721,32.0915203421058810,-17.9681432719422920,-1.7554146551641285,0.9507817731809816,-0.1897668467436250,0.2449542072792589,0.0291389468618684,0.8417824836000378,0.5390298434038078,-0.3084881546552635,-0.5053620426794382,0.8058810484533411
image_274_rightcam,0.4649066065499980,5.6845089206091828,0.9369625536250669,34.8402026374383880,-12.3265793698135490,-0.1997109007726065,0.9769407103423051,-0.1248210328181023,0.1732240117365216,0.0034052508067990,0.8203184616719647,0.5718968663203921,-0.2134836123518972,-0.5581194596198597,0.8018275475754253
image_275_leftcam,-0.5150631379179629,5.4610090520806036,0.6969626969208468,34.9991337411898020,-16.7817562354559760,0.7601712827610250,0.9573272171192480,-0.1547209398666688,0.2441024992282770,-0.0127020762766374,0.8212856976057553,0.5703757184229450,-0.2887269585975284,-0.5491368077947449,0.7842738741689785
image_275_rightcam,0.4104696247473283,6.1640854293915908,0.7611599500201535,37.3053129503367340,-4.8626752141558072,0.7243551987589755,0.9963211025801277,-0.0413147758178549,0.0750822872096954,-0.0125965442498683,0.7960032000566608,0.6051613277238698,-0.0847678454750379,-0.6038807786299180,0.7925543625359993
image_276_leftcam,-0.4307871771456475,5.9063953532468538,0.7443812950077016,34.4341952765363360,-13.6597212814393670,0.1439171716284147,0.9717123108308816,-0.1314639889038561,0.1961948128804513,-0.0024407798045507,0.8251089852157996,0.5649683222182454,-0.2361550922035223,-0.5494655422659736,0.8014476840622261
image_276_rightcam,0.5871014008099336,7.2066647597006241,1.3169654840643181,31.4270878024218340,1.6410189955285281,6.6967436057763461,0.9927699464109467,0.1143374566052032,0.0365346345302574,-0.1165664631555601,0.8457412588600148,0.5207052743436357,0.0286372689097554,-0.5211992604359017,0.8529544171586543
image_277_leftcam,-0.5114274461470910,6.3331610938509320,0.7564461699153419,36.6197540382668340,-5.1011422605431056,1.4143631556531091,0.9957358332964486,-0.0332105814440055,0.0860651356216818,-0.0245850256206764,0.8036764481481065,0.5945584438953624,-0.0889141541300264,-0.5941390611398945,0.7994329548018063
image_277_rightcam,0.7950701853249484,8.0287899221993531,1.5363766374112646,26.9403497940871080,0.1600274328578021,9.6467842749591100,0.9858556898102786,0.1506359789936075,0.0734667319358721,-0.1675731422654602,0.8786607155519469,0.4470733596816306,0.0027930019655672,-0.4530608665272011,0.8914752101778503
image_278_leftcam,-0.2916273049671982,7.2614902087705770,1.2953346467406488,30.6294989242132550,-0.1491299136030156,8.0050602906768837,0.9902524189912418,0.1185177357199535,0.0731689346772890,-0.1392600879210501,0.8522797925733846,0.5042080751865148,-0.0026028050667537,-0.5094827784046129,0.8604769165497126
image_278_rightcam,1.0457784690074210,8.7737269952306036,1.7274985890421539,22.7483594783244670,-4.7922586217528229,9.5407913312493520,0.9827203582249762,0.1209983884865834,0.1400717227488279,-0.1651703079073434,0.9148103891634768,0.3685657624690087,-0.0835432038885751,-0.3853327676985409,0.9189881344292834
image_279_leftcam,-0.0812343965333494,8.0618657553705102,1.4729998061103622,26.0695776078006780,-2.0989148858811792,10.0291050671308050,0.9840587558046445,0.1405814727007616,0.1089275661047286,-0.1740315788106605,0.8873380464128150,0.4270177993537949,-0.0366247826052778,-0.4391674406437414,0.8976583895767601
image_279_rightcam,1.3399882038171997,9.3454627103309491,1.8516639009234770,24.1511808761506930,-9.0750755194676600,7.8640347804665325,0.9781957780951853,0.0609195021177431,0.1985493237925562,-0.1351100878244306,0.9127174989778814,0.3856060570422044,-0.1577285132270942,-0.4040242335817094,0.9010472433751089
image_280_leftcam,0.1723283368057035,8.7939603887720637,1.5750827802556628,22.4028938362713500,-7.6966029807963334,9.6149977120628449,0.9770700451836540,0.1040957730701655,0.1857369021862292,-0.1655221137328579,0.9200647457622153,0.3550820939880202,-0.1339274306115782,-0.3776836422648393,0.9161978551030043
image_280_rightcam,1.5338418665859284,10.1822276018968410,2.1600325214820391,24.4150151135665180,-10.0258626965854600,8.8870431700188739,0.9729074241497646,0.0695759103941429,0.2204775197771794,-0.1521278369722074,0.9107606381692217,0.3838908453971646,-0.1740926915537462,-0.4070310217347303,0.8966702192518463
image_281_leftcam,0.4571732078233406,9.4364657773466831,1.6960516980184972,24.1016516274547780,-11.5125629911352050,8.2470176993674276,0.9697478748061026,0.0502780866468723,0.2388748067758038,-0.1405552130059925,0.9150733685821696,0.3780012727604514,-0.1995827933612716,-0.4001410302815880,0.8944573016524050
image_281_rightcam,1.6758228552732832,11.1196241031074750,2.5275256150571019,22.1857592452760170,-8.8396247656041318,8.7106440404690950,0.9767251119084865,0.0828743390256339,0.1978380643314600,-0.1496456483480912,0.9240720690594237,0.3517058303678163,-0.1536692412222891,-0.3731255219296853,0.9149661792584827
image_282_leftcam,0.6523000618328085,10.2784396513020070,2.0038866257218628,23.9127930222668540,-12.0373583454300110,9.4566131470826367,0.9647209415775151,0.0668118839238594,0.2546559974717612,-0.1606880284143657,0.9156293613321720,0.3685135413939942,-0.2085494243724900,-0.3964329007953096,0.8940626895027661
image_282_rightcam,1.8311659480901672,12.2663153909439620,3.0495168805150414,21.8852073650038860,-8.1387141357897512,9.6940448962452557,0.9757930172961022,0.1042351905645202,0.1922576720033482,-0.1666909733754833,0.9235683319224336,0.3453051631023602,-0.1415701479525353,-0.3689939854767174,0.9185865946608983
image_283_leftcam,0.7980602194479539,11.2563671478407790,2.4106946258219555,21.4920203003211870,-10.4973495693497410,9.0697950576575135,0.9709696408491533,0.0807620471132043,0.2251564973420728,-0.1549991788701511,0.9293571842856243,0.3350678715816768,-0.1821900411626420,-0.3602398031350517,0.9148956624328121
image_283_rightcam,1.9827638950606656,12.9904531528681240,3.3799861510126727,23.9904135803815950,-6.3541540553253606,8.0007424712370678,0.9841828558055861,0.0826020068898962,0.1567195418450508,-0.1383308855841600,0.9109837345003378,0.3885527011478884,-0.1106737206018807,-0.4040860600584730,0.9080009821770882
image_284_leftcam,0.9581742116695043,12.3424605828241260,2.9303056755228760,22.0496991275618580,-10.2498333025767930,10.1108416184104420,0.9687590347311468,0.0969493951400209,0.2282690241989940,-0.1727513998294002,0.9241915222732661,0.3406273389133733,-0.1779406824864948,-0.3694196055168262,0.9120670307472106
image_284_rightcam,1.9954071692081188,13.7514919256012910,3.6712400059487633,23.4375811177199540,-2.3578911894406405,6.3632188835421353,0.9929978243617066,0.0854235833210453,0.0815973787906797,-0.1107371218364524,0.9136551364559632,0.3911158159356566,-0.0411413497626892,-0.3974130131742394,0.9167171244715984
image_285_leftcam,1.0811393060099947,13.0642722556524030,3.2811421182740710,23.7230526510096880,-7.8495423427597384,8.0896895122433232,0.9807723568198237,0.0744336434983697,0.1804029290606069,-0.1394045146506372,0.9141227042881868,0.3807178256923005,-0.1365721984633367,-0.3985465019548037,0.9069226650528041
image_285_rightcam,2.0225023530029134,14.6835743336746100,4.0476848590943577,22.4002957584977440,1.7794313222038955,5.1034361322863360,0.9955554162913685,0.0940281358020217,0.0053030906570437,-0.0889111349922991,0.9198263224397149,0.3821182364418259,0.0310519430519481,-0.3808913837626508,0.9240982256275961
image_286_leftcam,1.0573725548403892,13.8542072542540350,3.6400284536112322,22.8903502065608250,-3.9002855813227102,6.4481101689448606,0.9913725617860283,0.0771691694129432,0.1059498137323715,-0.1120432394083841,0.9183943633184395,0.3794708235527388,-0.0680202634564382,-0.3880679228138222,0.9191172564163302
image_286_rightcam,2.1766890953351092,15.7670266487902000,4.4820949496406719,19.6386947975437810,2.4388706895847969,6.1221732381382825,0.9933961027939215,0.1146653094925648,-0.0040062142757237,-0.1065522646648504,0.9349339304984755,0.3384452104809045,0.0425534704652906,-0.3357832818971882,0.9409775713319173
image_287_leftcam,1.1232670456454474,14.7708566466795580,4.0879001360366605,21.8321103711680710,0.1289866540361516,5.4212667872896061,0.9955244426186534,0.0885351181823349,0.0330547575586279,-0.0944775955860495,0.9240462393534448,0.3704220990559758,0.0022512399024796,-0.3718871877131508,0.9282752024769947
image_287_rightcam,2.4633379321763407,16.6369824664067170,4.7831713381015915,19.1865943870579020,-0.1828620870508703,6.6130689363275437,0.9933414639674645,0.1077248582888917,0.0408422681741954,-0.1151631452979014,0.9382901854249558,0.3261119100865480,-0.0031915400779484,-0.3286440062466380,0.9444484799236487
image_288_leftcam,1.2865315066092315,15.8201482168503680,4.4767770738881012,19.7873621754051250,0.0418817351980499,6.5408656850391882,0.9934905963940177,0.1074318150560981,0.0378792818096034,-0.1139118104215218,0.9348024646447828,0.3364051895267534,0.0007309741105583,-0.3385302899413759,0.9409552106604532
