PhotoID, X, Y, Z, Omega, Phi, Kappa, r11, r12, r13, r21, r22, r23, r31, r32, r33
image_150_leftcam,1.0637837092643332,-13.6474587304462940,-0.0280067941385779,1.4725691691133644,-10.8573372797632860,11.7714002181833010,0.9614450497008493,0.1992011918889688,0.1895845498867078,-0.2003555272036431,0.9796335599565730,-0.0132571084992868,-0.1883642193323395,-0.0252383311022302,0.9817748965615758
image_150_rightcam,1.3000221747555971,-12.7640877951006310,0.0624153890662034,-0.7124675201463175,-1.6892196235333470,10.7239207869233230,0.9821082097510092,0.1864225976430750,0.0266473155810474,-0.1859959721013463,0.9823910273293460,-0.0177021971762670,-0.0294781733108240,0.0124291798120548,0.9994881453961607
image_151_leftcam,0.6783463863627171,-13.1623001232642470,0.0460149473497409,-1.1847058399912243,-5.7071722240255962,11.2601564164040900,0.9758892285168588,0.1972389231130895,0.0934720325763757,-0.1942962765523205,0.9801395596974564,-0.0396913143392950,-0.0994443089506608,0.0205730582380276,0.9948304271040671
image_151_rightcam,0.9998207622372708,-12.2303051966637530,0.0002479901004521,-2.4859935124888328,2.8108919693368382,11.5933965497883950,0.9784197971449984,0.1986921785424852,-0.0567108344214862,-0.2007232273557491,0.9791039466248293,-0.0326442598870922,0.0490396426845910,0.0433229718477956,0.9978568201679251
image_152_leftcam,0.3534819010444710,-12.7244678093088710,0.0155073135480394,-1.0215314475889132,-2.2216028999588988,11.5612264489723720,0.9789747212607292,0.2010601968629343,0.0343990169905438,-0.2002643333994792,0.9794168837568508,-0.0252341946588683,-0.0387645701709671,0.0178147424751961,0.9990895570718386
image_152_rightcam,0.6557455068558379,-10.6933978911399170,-0.0790304406403250,-4.5663399252549830,3.9931121821740607,14.2740292607492010,0.9667749641165977,0.2404042914795226,-0.0869019297575142,-0.2459612154895670,0.9674183331052193,-0.0600403967909432,0.0696365509789652,0.0794200567246574,0.9944059560147488
image_153_leftcam,0.0197816703116168,-11.8647595550875580,-0.0281206561458078,-4.8532436388421507,1.6921404705646079,14.0279919530969060,0.9697543443179864,0.2391030646293410,-0.0490534011180619,-0.2422902024152235,0.9673045842489216,-0.0749486431138767,0.0295291295161638,0.0845669307464706,0.9959801527812385
image_153_rightcam,0.6963295198705822,-10.2154289529856030,0.0748686761017567,-3.9659082945357396,1.7462159759012832,13.3218547985465640,0.9726391541261108,0.2278183033453004,-0.0455180900490396,-0.2303139218291250,0.9712464959987723,-0.0602971095641782,0.0304725002671496,0.0691307794761172,0.9971420972241083
image_154_leftcam,-0.1821389484875925,-10.7284636248481730,0.0037784713203847,-3.4305677857041852,1.5223941351907664,14.2506767123516940,0.9688858816624135,0.2441827644584913,-0.0404342164095828,-0.2460778485719784,0.9678825377369233,-0.0514692683658890,0.0265676637556721,0.0598178124419676,0.9978556952571966
image_154_rightcam,0.6792159743806394,-9.6672815750318968,0.1863634418091230,-5.7053841183441243,-0.8327420748196259,12.2669901587270760,0.9770649389739894,0.2128267732124419,-0.0069906817789431,-0.2124450048824003,0.9720205022612944,-0.1002160819640144,-0.0145335793344777,0.0994027554330409,0.9949411375976206
image_155_leftcam,-0.1821735575373398,-10.2149669692250940,0.0991460106020493,-5.0661153526169169,-1.3306529389606172,14.0246678880699470,0.9699298474495843,0.2433824255255286,0.0010420996769951,-0.2422742682231297,0.9659044401418151,-0.0912786474005488,-0.0232221873081150,0.0882814106119593,0.9958248453201946
image_155_rightcam,0.6254489916517966,-9.2690978220791358,0.3123871699045253,-4.4362565600902686,-0.7291581654773055,10.3995071223511460,0.9834933767458203,0.1809380504430137,-0.0014831719339022,-0.1804960669932203,0.9804485590739679,-0.0783695911036865,-0.0127258672428638,0.0773436804894980,0.9969232705636155
image_156_leftcam,-0.1922926297012035,-9.6104787208217797,0.1867892866767704,-5.8126957121939116,-3.1491703254313608,12.4617471543551410,0.9749657635876754,0.2201108672329158,0.0315113623614556,-0.2154618907476961,0.9702191414657454,-0.1106841956599950,-0.0549357212324466,0.1011238036242997,0.9933559497346484
image_156_rightcam,0.4412922322534462,-8.4543328769725328,0.4150227759882264,-6.1650795506924885,0.9261469479724349,9.8495801447752100,0.9851315269479182,0.1683625454789245,-0.0342042087047818,-0.1710397975178677,0.9798590301927181,-0.1030614797818894,0.0161636096930732,0.1073793938781697,0.9940867182957668
image_157_leftcam,-0.2690720939087283,-9.2235138543946569,0.3244326132304169,-5.0775740707605168,-2.2819267018375582,10.8544075070612320,0.9813300645344545,0.1910359140163100,0.0222841647085196,-0.1881646680953888,0.9775912556052728,-0.0943895897048959,-0.0398166061004156,0.0884342497003245,0.9952858993066189
image_157_rightcam,0.3311346733951847,-7.2706562653134474,0.5001702639655292,-10.3046324256689910,-2.1060495929181076,9.7622258019001684,0.9848542009404988,0.1733034739427090,0.0053017741597110,-0.1694452640403903,0.9685093883329827,-0.1824222223446324,-0.0367492229051754,0.1787609314986382,0.9832059926513899
image_158_leftcam,-0.4556397702956899,-8.2444064523857001,0.4314119972102150,-6.9846481921640953,-1.3452349720606511,10.3249468259927790,0.9835359425388806,0.1807090833336535,0.0011300154276885,-0.1791811874454928,0.9759943602424969,-0.1238107864463451,-0.0234766224099487,0.1215698810378212,0.9923052011476464
image_158_rightcam,0.2611768682955398,-6.6196520345670153,0.3894238777474223,-10.1776827559847170,-8.6653337247469118,8.2306630422417406,0.9784025580552178,0.1672540340556901,0.1214681953562512,-0.1415244894546067,0.9703151343831569,-0.1961105781736652,-0.1506627136209197,0.1746843670140357,0.9730293513791279
image_159_leftcam,-0.5543518402076105,-7.1486487893362245,0.3825255882183113,-11.4638985827751810,-6.5006607574965161,10.0546739109132390,0.9783108988245448,0.1932607175193496,0.0745525338604778,-0.1734653374019762,0.9610696476049011,-0.2150695449676916,-0.1132146720223579,0.1974725994068476,0.9737489463523813
image_159_rightcam,0.1818841468302340,-6.1865147218365619,0.4232453341220718,-5.3471683037270816,-8.0592937843018326,6.9992187108144952,0.9827449269848168,0.1342932423275226,0.1271917196627552,-0.1206523015540581,0.9866365051038712,-0.1095053830920078,-0.1401978267139553,0.0922698859952697,0.9858148089388310
image_160_leftcam,-0.5827741857775264,-6.6051615136867969,0.2558856243438626,-8.6639757036110954,-11.1127254921730800,8.7587124592741645,0.9698069043323034,0.1792316649966510,0.1653801033133148,-0.1494185261255020,0.9726390912250280,-0.1778968866265921,-0.1927399085811684,0.1478147776221313,0.9700526373123486
image_160_rightcam,0.0666626983112793,-5.6564386592510134,0.4528739809456940,-4.9354694602410412,-5.6034366400023599,4.9933865276683553,0.9914444320957603,0.0950866989448585,0.0894229151285348,-0.0866248342144316,0.9917798601090758,-0.0941745569638866,-0.0976425940030145,0.0856225949489493,0.9915314897019514
image_161_leftcam,-0.6769813976244655,-6.0678567803453509,0.3252084531242840,-5.3241796473548026,-9.0171627847787175,6.9205024455571715,0.9804457668944864,0.1344093998012476,0.1437366043280240,-0.1190029657170409,0.9866790183583332,-0.1109180277591749,-0.1567303171987835,0.0916440285916358,0.9833803840296309
image_161_rightcam,-0.1795829205893506,-5.1636438768509976,0.3880413121621631,-4.2630579932164023,-2.0378714462522085,3.8670686893520170,0.9970921872616907,0.0698926236808166,0.0303676020902148,-0.0673991964282345,0.9947845005077788,-0.0765581208645929,-0.0355600678082327,0.0742887522071889,0.9966025601376773
image_162_leftcam,-0.8579746706050473,-5.5088155256122198,0.3331183043699892,-5.3778703879758982,-6.8459225554409704,5.3838266908950363,0.9884902308140835,0.1045368504848784,0.1093577179526998,-0.0931583233563369,0.9901579213538618,-0.1044452850522031,-0.1191997918393997,0.0930555622781461,0.9884999099415953
image_162_rightcam,-0.4868721179511411,-4.3815986539098937,0.2765189547837139,-2.7849387374665673,1.2070373512494805,7.0751097306215325,0.9921653321525179,0.1220092011243340,-0.0268646331760854,-0.1231430480228469,0.9913395407707661,-0.0456257013978915,0.0210652177374614,0.0485764319954496,0.9985973096580347
image_163_leftcam,-1.1118568167592162,-4.8747812064411447,0.3070932472648946,-4.8755170654806887,-2.8453293745092676,5.9585925999773286,0.9933710160371556,0.1076302490892167,0.0403702115216470,-0.1036817206280214,0.9905604626888234,-0.0896664405745946,-0.0496399567377153,0.0848863901853388,0.9951533426846237
image_163_rightcam,-0.5532016376671780,-3.8002979794359093,0.2037184808716966,-3.3639167883119079,3.7882529603285748,8.2568334326973751,0.9874719498646822,0.1395265983418165,-0.0736985521269171,-0.1432968683975193,0.9884858549733214,-0.0485975516371555,0.0660693252417984,0.0585494907990102,0.9960957792247039
image_164_leftcam,-1.2968548435396929,-4.2417424532300378,0.2891219291547458,-3.0200675075313637,0.2848525654000718,7.9645945058502887,0.9903416413921808,0.1381092987545884,-0.0122169931716814,-0.1385594333529603,0.9890147144601912,-0.0514895912795330,0.0049715946684759,0.0526850659935303,0.9985988018557352
image_164_rightcam,-0.7536087618263339,-2.4274477066494309,-0.0440143317165845,-4.8460083252208177,6.1867666704353494,10.1121321179114470,0.9787323780630153,0.1659848178002630,-0.1205486308131641,-0.1745526154994358,0.9825453649867033,-0.0643116643032370,0.1077697385791633,0.0839859869440111,0.9906220457084626
image_165_leftcam,-1.5104459049614929,-3.5013276213541475,0.1441492241017159,-4.8660606338642989,2.5801955412583180,9.7090281187883267,0.9846776187754274,0.1642728450164296,-0.0585185395662133,-0.1684737214768411,0.9827682547583850,-0.0760471078404821,0.0450176882402697,0.0847407211992338,0.9953855624410753
image_165_rightcam,-0.7167037186635208,-1.3323747715816545,-0.2156336739608567,-2.9737858248983455,5.8576541023525355,9.1197333301525507,0.9822037969115538,0.1530569864541286,-0.1088543073567042,-0.1576705392841634,0.9868688645603498,-0.0350691488805639,0.1020573484584437,0.0516081685292822,0.9934389234204009
image_166_leftcam,-1.5634862049905867,-2.1956445836160303,-0.0526615949352182,-3.7105398589804288,4.3963656245029394,11.0977956692260090,0.9784127091417121,0.1872126355576470,-0.0875214241059609,-0.1919178509332111,0.9801978851709740,-0.0487815989849467,0.0766557831031267,0.0645254600441564,0.9949675150088753
image_166_rightcam,-0.4612455627468761,-0.3103651792013533,-0.2464619922358090,-4.7301098878722794,2.2006187503068126,7.8378386759552550,0.9899273880789661,0.1327685381529236,-0.0491556874419625,-0.1362692695434259,0.9877158090406238,-0.0764733074302876,0.0383986003554476,0.0824014311038457,0.9958592027203348
image_167_leftcam,-1.4742439190718468,-1.1201182785396453,-0.1991190678273085,-3.4581328456637821,3.5724333959004437,9.0277175069929321,0.9856934422145025,0.1529145884610624,-0.0708912308477518,-0.1566073443139942,0.9864040009856140,-0.0498125139547366,0.0623103336714178,0.0602019557436189,0.9962395027514217
image_167_rightcam,-0.3195248055370500,0.1368705317430392,-0.2503366669200030,-3.7874939606418554,-1.7019731554595594,4.0343806145185352,0.9970819440253129,0.0721584414645706,0.0249149799138407,-0.0703240163832912,0.9952053050139512,-0.0679774491416901,-0.0297006669693718,0.0660269656844281,0.9973757116473622
image_168_leftcam,-1.2993592314648288,-0.2683382407361187,-0.2902628327133319,-4.6447383906459896,-1.6257588651024260,7.2749346292544796,0.9915506365974651,0.1284937214490052,0.0177960279654576,-0.1265796954019023,0.9884014022546939,-0.0839061900750861,-0.0283710376109774,0.0809446203841884,0.9963147357415408
image_168_rightcam,-0.2269281563991936,0.6876351989155467,-0.1691449065706081,-3.3627004724381182,-0.9274231102537738,1.3595896849532423,0.9995875099239326,0.0246353768144752,0.0147617144424624,-0.0237239813749760,0.9979746558542790,-0.0590233765575419,-0.0161858800128932,0.0586488233619605,0.9981474504332845
image_169_leftcam,-1.1588770392557832,0.1731037602215370,-0.2953179316408074,-3.5997190217770498,-3.8945496045606189,3.4130842747376260,0.9959210989314529,0.0636737344102224,0.0639282429715066,-0.0593968537511409,0.9960029147160918,-0.0667098766414326,-0.0679203833001044,0.0626406371559713,0.9957223368535333
image_169_rightcam,-0.1753881871899922,1.1754813944065035,-0.0599209136101502,-7.7373032743722030,-0.3062074688829732,1.9587301439518623,0.9994014331455816,0.0345875422595587,0.0006909030330933,-0.0341791435101469,0.9902921886156091,-0.1347336903518192,-0.0053443030855930,0.1346294287566816,0.9908816051058669
image_170_leftcam,-0.8809143147310008,0.7328660613049521,-0.1113378093366240,-4.2567926314309217,-2.1150397465991944,2.2119634829435704,0.9985741274203983,0.0412273558682640,0.0339119031418430,-0.0385701623142549,0.9963925952793334,-0.0755919218671338,-0.0369060242459447,0.0741761498099383,0.9965620122068328
image_170_rightcam,-0.3205453679646246,2.2338644314393816,-0.0839494161052650,-9.6573701692582894,-0.7631251740113577,2.4138335737156287,0.9990240719687709,0.0437523258170526,0.0060529011667737,-0.0421131464805685,0.9848597214255165,-0.1681600785179428,-0.0133186531016631,0.1677410596701144,0.9857411173225478
image_171_leftcam,-1.0974226941891891,1.5095167970934309,-0.1397404641145681,-9.0221834298131292,-2.3694415413481718,3.1251507936221370,0.9976591291495798,0.0603162289756064,0.0322213368230479,-0.0544705186335950,0.9858054865174678,-0.1588096513183179,-0.0413427699155398,0.1566827855069626,0.9867832994642188
image_171_rightcam,-0.2895014589343957,3.0407079473292038,-0.1023036099329454,-8.2414233199201643,-2.9826898012978735,3.3275309969677225,0.9969616263538357,0.0648905509273420,0.0430898129290549,-0.0579650982832293,0.9875713700813811,-0.1460918764907874,-0.0520342479423936,0.1431502895419008,0.9883321464189758
image_172_leftcam,-1.1568972186709132,2.5977252352045186,-0.1704326225704932,-10.6774056677431610,-3.3886099814226895,3.1628575437253241,0.9967310023128757,0.0651537382502809,0.0477734175079023,-0.0550777791754816,0.9805848130644287,-0.1882016541598300,-0.0591079289898348,0.1849551696477102,0.9809678067862980
image_172_rightcam,-0.1423055391618204,3.7564120602041262,-0.1156871498205270,-5.1625908772739626,-0.3400271990819094,7.0785350288639695,0.9923606981800257,0.1232597434137310,-0.0052230605236250,-0.1232275363429493,0.9882866487406616,-0.0900248532784109,-0.0059345593348927,0.0899807511334146,0.9959258232574189
image_173_leftcam,-1.0570257579465507,3.1981364171682216,-0.1362348698898918,-7.1429744465012606,-4.6431252740648477,5.2965197074272430,0.9924625514591030,0.1016163861609790,0.0684995913481982,-0.0920071640712811,0.9870732323078884,-0.1312292491055945,-0.0809491550965648,0.1239376622534111,0.9889826541271145
image_173_rightcam,-0.2084400907317827,4.5573990417479191,-0.2583077053099230,-6.6202714698430771,-0.0267240106325066,8.5721826461080362,0.9888287570218217,0.1481145577670804,-0.0167262387924400,-0.1490552640373249,0.9822273763318010,-0.1140697569345621,-0.0004664219579636,0.1152885899029431,0.9933319301667234
image_174_leftcam,-0.9761370111156926,3.9469792855532582,-0.1521293671614983,-5.5765192548210969,-1.5955061932268044,8.3279525938822587,0.9890716350928706,0.1468305973090219,0.0133445250418128,-0.1447827848213501,0.9843805715530434,-0.1001640432903860,-0.0278432374929777,0.0971373565770633,0.9948814442350054
image_174_rightcam,-0.1812035634464465,5.2531902919762379,-0.4024818778541094,-3.1868681697742383,-0.7517584885943907,8.6893693592057613,0.9884368480139223,0.1515647959987347,0.0045508353259743,-0.1510644088686526,0.9868830224383952,-0.0569336841950597,-0.0131202843515975,0.0555878821032080,0.9983675903703070
image_175_leftcam,-1.1137492170572350,4.5812025363805651,-0.3791728596374946,-5.9433045715226687,-2.7157472915321397,9.2278812008863174,0.9859497723102546,0.1643420985449131,0.0299118893955483,-0.1601814241919922,0.9809660133961853,-0.1097615228822034,-0.0473809859034454,0.1034280194504828,0.9935077689516918
image_175_rightcam,0.0247976037159036,6.1828085276935179,-0.3639866216367118,-2.9581884264433222,0.3584324449416272,8.8906438628396582,0.9879657835763847,0.1540241476916244,-0.0141482299305954,-0.1545460307804757,0.9867184825483386,-0.0500216010090077,0.0062557855062791,0.0516061830149526,0.9986479194502570
image_176_leftcam,-0.9043995738361907,5.4541157331656276,-0.4021553269025631,-2.8599258150539670,-2.2314799962062568,9.4420883419511057,0.9857038674756260,0.1657627184826730,0.0301762622739718,-0.1639262306002787,0.9849045864991972,-0.0555980792296801,-0.0389368278725644,0.0498565607927344,0.9979971176216606
image_176_rightcam,0.0777538637949697,7.1001858056982288,-0.3609294992022366,-4.5351209303015247,2.1063465218059751,10.3859420588326190,0.9829511319956856,0.1768548119055466,-0.0502936140504331,-0.1801560047775244,0.9810600032743706,-0.0711694029614725,0.0367544017908166,0.0790167417775853,0.9961954971128175
image_177_leftcam,-0.6581298686371139,6.3382740247932565,-0.2980162717053923,-3.4902521478942528,-0.3546688241672840,9.6932575786673141,0.9857044043423602,0.1684325446013692,-0.0041599494204451,-0.1683701574861743,0.9838314900996252,-0.0610498907159688,-0.0061900992038705,0.0608775575024051,0.9981260469822376
image_177_rightcam,-0.0382953530335330,8.1586012887002042,-0.4129539718812119,-3.5108692290401211,2.7824132474611130,10.8731865327558100,0.9808893481908125,0.1853625360706953,-0.0591338889913686,-0.1884134962809751,0.9807647465532361,-0.0509986895669487,0.0485431872149150,0.0611656941414647,0.9969464964757189
image_178_leftcam,-0.7197897656878937,7.1936580859236914,-0.3543304842752046,-3.6674046479746294,0.7486867421755429,11.1234292199408620,0.9811300875981874,0.1917080404990820,-0.0251352027558117,-0.1929067473300143,0.9793657423725790,-0.0602472364640996,0.0130666768586134,0.0639591265966748,0.9978669711343609
image_178_rightcam,0.1554785580936257,8.7810680185400436,-0.3043482388914261,-3.3866187114853417,3.4091389970805164,10.1202075938226130,0.9826991577711584,0.1719489107515741,-0.0688181473682879,-0.1754029874649621,0.9833393437059079,-0.0477234440123587,0.0594655976529498,0.0589686968770857,0.9964870975002115
image_179_leftcam,-0.7269911962994596,8.1762155826150948,-0.3434117974891439,-2.8489707079700528,1.1594473997358172,10.8721941676253730,0.9818492963974643,0.1873980578408417,-0.0292220307522461,-0.1885802542543589,0.9810262730020825,-0.0449993264950169,0.0202347935291161,0.0496932550465795,0.9985595292889201
image_179_rightcam,0.1257219779218360,9.4531971834697401,-0.3041737019918978,-2.7120027971959928,0.6809937332725493,8.3471239534688433,0.9893368415448369,0.1444510086637387,-0.0186150492375094,-0.1451597517731981,0.9883802134626921,-0.0450910201768248,0.0118853029927687,0.0473123634103371,0.9988094311936079
image_180_leftcam,-0.7668159476332240,8.8871520775016695,-0.3327360094429391,-3.6049455458812569,0.5266637552229622,10.2536533266396380,0.9839877779203643,0.1770853450190092,-0.0202196311252814,-0.1779987699795052,0.9821851350975163,-0.0602395076279429,0.0091918871363369,0.0628740087235758,0.9979791421857978
image_180_rightcam,0.2697416898756802,9.8836781534555360,-0.2036423548188834,-2.2679325854740857,0.1618710199868411,7.0326583511160630,0.9924725646000467,0.1222282088263934,-0.0076467956228574,-0.1224345820535456,0.9917128063818422,-0.0389292020933465,0.0028251785040618,0.0395723972655505,0.9992127119593095
image_181_leftcam,-0.5813004413882704,9.4539485544638140,-0.2507150758887605,-2.3472732192932755,-1.3339424540167917,8.5030830113195250,0.9887398811705750,0.1486815261490023,0.0169484856196949,-0.1478225568749716,0.9880370962406064,-0.0439452856558775,-0.0232795846557288,0.0409450880379375,0.9988901644844755
image_181_rightcam,0.2729511415779650,10.6281927678801440,-0.1312047383284323,-3.8205543605611267,-0.1324443940656994,7.4679057953489352,0.9915151709525225,0.1298346899620336,-0.0063733078893939,-0.1299704671404314,0.9892942806598535,-0.0663664367357571,-0.0023115886936102,0.0666316706691782,0.9977749631162060
image_182_leftcam,-0.5376070414791060,9.9892499351072583,-0.1969432311073630,-2.6829011618219294,-1.6895673039247865,7.7365372348443140,0.9904667585539315,0.1358380929385372,0.0228825852230370,-0.1345595773612870,0.9896256341065591,-0.0503470402262421,-0.0294842388407778,0.0467879987391248,0.9984696103707753
image_182_rightcam,0.1861273803877450,11.4964131168312720,-0.1518845575116903,-6.7758052990782485,-2.8302542146726086,7.7460422461398295,0.9896665440268568,0.1396136750962226,0.0326826155633877,-0.1346180778824227,0.9831691528807014,-0.1235167597174002,-0.0493771682175048,0.1178407338316018,0.9918041423128107
image_183_leftcam,-0.5345701067066536,10.7693601319544450,-0.1366593401699574,-4.8363330337770227,-2.2907124960700620,7.9983840618765765,0.9894806545333943,0.1419868223603033,0.0277087816438974,-0.1390339792570943,0.9862773276127218,-0.0890313745207041,-0.0399698250697125,0.0842423605624373,0.9956433285925062
image_183_rightcam,0.1581834037227886,12.1002498590767280,-0.1917957465267522,-5.5809198397242801,-4.1000068917465162,7.5921230616765092,0.9886969225325484,0.1383861370642818,0.0576859813394396,-0.1317819929755853,0.9856164445882001,-0.1058004276205829,-0.0714975643085213,0.0970025836034342,0.9927127465043489
image_184_leftcam,-0.6607333959660093,11.5893833872734240,-0.2541637102189715,-6.8347386707882274,-5.6849968171349143,8.3930972925276457,0.9844241453864586,0.1565889371570750,0.0799312625957970,-0.1452459280815002,0.9805388580166953,-0.1320877295401008,-0.0990591861256910,0.1184206598500990,0.9880100328259744
image_184_rightcam,0.0877862712809951,12.8135638401214730,-0.2476672429355979,-5.2632549951065624,-4.1582761724082271,8.9855428702645597,0.9851276336188259,0.1620967549046597,0.0569928726241365,-0.1557740916429533,0.9825243655250593,-0.1018837745786478,-0.0725119152511169,0.0914905087916695,0.9931623779360836
image_185_leftcam,-0.6556510604729378,12.2385734702607270,-0.2779499281173058,-5.7681302090514945,-5.9718683798758407,8.4531665751572351,0.9837684057992231,0.1565993851214127,0.0876148179867476,-0.1462031830517443,0.9825910316024911,-0.1146276313978906,-0.1040401509840964,0.0999574769286821,0.9895373412808930
image_185_rightcam,0.0835092007162382,13.3460217200070620,-0.2418941797601135,-4.6635872436457717,-3.0449266335290766,9.9405787845262026,0.9835966984412214,0.1763092291680269,0.0381128656191737,-0.1723830282981103,0.9809807275175060,-0.0892238969895261,-0.0531189831444647,0.0811903193084053,0.9952821236615763
image_186_leftcam,-0.6736063869336778,12.8494877412581690,-0.2962296520332419,-5.0690239216285384,-5.7180082491280313,9.9204412546494929,0.9801466260691125,0.1802782341863847,0.0825369595028455,-0.1714233284598519,0.9796787776681616,-0.1041322958853905,-0.0996324940221866,0.0879161581579622,0.9911327435160557
image_186_rightcam,-0.0458876616711354,14.0762041195370880,-0.2731355062804563,-4.9279905332220721,-4.5136544220083437,11.9637136356032890,0.9752450510514237,0.2131393972038666,0.0588955665502801,-0.2066492777237061,0.9732614559280968,-0.1002906497186669,-0.0786966734746565,0.0856372335161179,0.9932135207596247
image_187_leftcam,-0.7814151086850997,13.4300547991961370,-0.3226433612837164,-4.9231712930082390,-4.9746414971303521,11.2772730492015330,0.9769982088587328,0.2021338522556732,0.0679441363114543,-0.1948205284634655,0.9756189008578691,-0.1010580129336606,-0.0867148290435028,0.0854965850848178,0.9925577425836698
image_187_rightcam,-0.2586232532671410,13.6955962793445030,-0.7262799449899681,3.6528072696185401,-5.6059590184179386,10.0814591903709340,0.9798509686368102,0.1685649714280759,0.1071351000790914,-0.1742109212431100,0.9836491128791484,0.0456615555110790,-0.0976864073509306,-0.0634056238792456,0.9931953950151763
image_188_leftcam,-0.8262925093188559,14.0298662022579790,-0.3858894631715173,-4.7305772415469596,-7.1139058192950078,12.5324257352774800,0.9686586897515339,0.2262228932087223,0.1025843329028214,-0.2153216754986618,0.9706318311447676,-0.1072866460888972,-0.1238423143731205,0.0818355115877595,0.9889216501896797
image_188_rightcam,-0.3277174703609753,14.4665759322216550,-0.6641606763494167,12.3042139015747940,-0.3262105527294943,10.5599127852945960,0.9830478776981253,0.1778612771665502,0.0445223116863387,-0.1832606208410780,0.9607050909417072,0.2084736748072258,-0.0056934174407418,-0.2130987900560908,0.9770140688211587
image_189_leftcam,-1.0155681937028045,13.7491299037854000,-0.8722284219898293,6.8457615857442011,-5.6343396550143137,10.4230881638626180,0.9787471064435582,0.1681160848793843,0.1174354445352420,-0.1800414245079534,0.9786041127392957,0.0995945580384952,-0.0981793618308308,-0.1186211302195519,0.9880738031017355
image_189_rightcam,-0.5139033926754851,15.4883040835456550,-0.5842700500086077,19.1756241132773760,-0.2535702331946887,9.8623379698469247,0.9852124784788607,0.1603459956264338,0.0603782571469895,-0.1712798474083841,0.9308072423383982,0.3228948613436687,-0.0044256210073782,-0.3284616253034045,0.9445069478737280
image_190_leftcam,-1.1288069079569869,14.5797953035755580,-0.7561950811938623,14.6220770228078670,-1.4943968986301817,10.6472693950675640,0.9824489894461652,0.1723079902450340,0.0714418619153080,-0.1846993747436692,0.9521692220266558,0.2434335917544059,-0.0260791891267029,-0.2523563534426473,0.9672828680234253
image_190_rightcam,-0.3304703716616619,15.9087985915077500,-0.5040989590426266,27.2481898400872070,-0.5267792122872375,9.7737281681795221,0.9854441896723154,0.1467716154471187,0.0857778639283875,-0.1697504674638613,0.8768426367897396,0.4498130379428962,-0.0091939021571038,-0.4578264771795749,0.8889940320139758
image_191_leftcam,-1.2174562846011123,15.5710649649218950,-0.6352998076166720,22.1800764379480030,-2.4591907831461670,9.7735592526127792,0.9845787443644645,0.1412298099231001,0.1032416434137871,-0.1695983989445790,0.9153120128119237,0.3652948155635672,-0.0429077990711478,-0.3771711282578111,0.9251491019222793
image_191_rightcam,-0.1351806893151316,16.0004686011018540,-0.5067078089687009,28.0701883716402810,0.6539896262971205,13.3743328114282270,0.9728162228966160,0.2093285182508247,0.0990462917835697,-0.2312970309280183,0.8571991866065236,0.4601208949450110,0.0114140244018141,-0.4705221843101858,0.8823143397445870
image_192_leftcam,-1.0015806309959912,15.8408060117301750,-0.5281317406902205,28.2012672348530450,-1.5939562166467240,11.2778537919190890,0.9803108497787636,0.1594606357636921,0.1164600508667146,-0.1954914245141646,0.8668462676598359,0.4586509033956382,-0.0278161957762259,-0.4723873981025020,0.8809519881165415
image_192_rightcam,-0.1045161982353983,16.1832399433397040,-0.5642976681508426,25.0444433887367420,-0.4528658957234284,17.8369769877160320,0.9519021728624861,0.2743253195367931,0.1364839637492767,-0.3063001491504886,0.8634558612917094,0.4007794832964643,-0.0079039186525446,-0.4233079194416625,0.9059513968243028
image_193_leftcam,-0.9463458424277333,15.9039172778114660,-0.6127739758575064,27.0705278665550430,-1.4365925337029577,15.3953264884005580,0.9638140226440000,0.2253937044958896,0.1423383564904802,-0.2653940327714099,0.8615240756523247,0.4328305377867134,-0.0250706426746365,-0.4549438921944410,0.8901671291565725
image_193_rightcam,-0.1612044953264183,16.3190187130184760,-0.6452879273008668,18.5991523117444860,-3.0406410723741559,21.6465152501341120,0.9281687648866452,0.3338887471058684,0.1643808031519290,-0.3683599422224489,0.8871744105895525,0.2779073913391907,-0.0530442914428473,-0.3184962633236903,0.9464388165085861
image_194_leftcam,-0.8345863012543582,15.9584892762722070,-0.6593756430313292,23.6140670529331870,-2.8549266737578383,19.6094585633235320,0.9408328952978964,0.2887104799564929,0.1774252571892441,-0.3351905436815265,0.8698188255235951,0.3620255656597144,-0.0498072540084330,-0.4000768295315855,0.9151271867451509
image_194_rightcam,-0.3527003821023001,16.6131839397964320,-0.6435350772802320,13.3882473152663320,-5.7413542833258031,23.8171503143553700,0.9102496591439597,0.3716537424119601,0.1825350754772613,-0.4017934443141459,0.8993305320904188,0.1725300616012754,-0.1000379234814500,-0.2303868264487990,0.9679433475490035
image_195_leftcam,-0.9769456825549727,16.1487963144050110,-0.7835447765625202,17.2960744254918740,-5.9050077543369603,23.3366903506190830,0.9133208101215535,0.3501360649936504,0.2079659438217503,-0.3940316121568288,0.8887898451469948,0.2340762691617237,-0.1028794752125013,-0.2957318838988178,0.9497149395611594
image_195_rightcam,-0.5473466313056903,16.9094055447098870,-0.5303059677807916,11.2934308342425850,-7.1464101456841229,22.9856267297092100,0.9134511348769876,0.3605105815741828,0.1887833275609580,-0.3874665943788301,0.9122909737970911,0.1326454573998916,-0.1244052347468333,-0.1943123766037551,0.9730190326330650
image_196_leftcam,-1.1917534615874090,16.4748494783093590,-0.7843649402985335,12.6643463355215450,-8.8303532996267471,24.6426333106193280,0.8981527835310172,0.3762230086485957,0.2275474130788678,-0.4120151196954459,0.9008457889363744,0.1368225335898615,-0.1535093436173626,-0.2166405140295786,0.9641067208059317
image_196_rightcam,-0.7400409284574951,17.2008566528645870,-0.2998162644194365,10.0502013458213640,-3.6231237464483299,24.2025348332406200,0.9102789668662846,0.3936139996468555,0.1282973957758103,-0.4091439952750007,0.9026270286125595,0.1336624043943248,-0.0631933035317836,-0.1741621844720226,0.9826872034827120
image_197_leftcam,-1.3906243803278089,16.7511713114101180,-0.6426758176561664,11.4377187714593070,-8.6411506627724499,24.2918446476291620,0.9011155897682925,0.3760587202430841,0.2158020685852580,-0.4067148883702760,0.9056177966756329,0.1201640791681357,-0.1502454440390674,-0.1960516393032864,0.9690149953803594
image_197_rightcam,-1.0922096806849693,17.3870952694775380,-0.1775627626727280,8.4959823521952718,0.8725676734070412,26.4762025396070510,0.8950158104107417,0.4429475795199400,0.0523845484110494,-0.4457743702323676,0.8842937172987806,0.1389598229339716,0.0152285901756973,-0.1477229276156243,0.9889115363357482
image_198_leftcam,-1.5986630605862393,16.9834205057088350,-0.3677368185520649,9.5917194130497077,-4.5623727030268038,25.6803644840618900,0.8983699003953014,0.4153470795967125,0.1428927063716646,-0.4319771128722314,0.8943702649377283,0.1161791855273095,-0.0795443022366021,-0.1660982620791073,0.9828957581127270
image_198_rightcam,-1.4533321761312044,17.6870388445164690,-0.0140896596297552,7.9820063955186722,4.0714046952022196,29.1889541594403820,0.8708129194339884,0.4915736793419425,0.0063385428198661,-0.4864605963664780,0.8597498689702212,0.1555192945857788,0.0709996304893527,-0.1385116622668030,0.9878125185916924
image_199_leftcam,-1.9434256241932522,17.1389770072669630,-0.1848083149542084,8.5593459621067609,0.0856253782322163,28.3169456935335440,0.8803361164954909,0.4692612210579663,0.0692981125632151,-0.4743480669615080,0.8704266049692342,0.1317248523689190,0.0014944442171442,-0.1488335707188383,0.9888611302218137
image_199_rightcam,-1.6977167806710896,18.1564242282109980,0.2022383973735611,5.1020295320620042,5.9459130408754595,31.3181215312061350,0.8496984776059053,0.5255997988927688,-0.0419207413828537,-0.5169929336606134,0.8461212949060920,0.1296034754604628,0.1035895926201069,-0.0884511487224404,0.9906793581126445
image_200_leftcam,-2.2196324325736065,17.4214831004057160,0.0298783144112039,8.1576299521681719,3.1888175825317764,29.9612188899359990,0.8650221914810576,0.5011987840408562,0.0231600328427183,-0.4986404369512798,0.8536552790713282,0.1504339694041543,0.0556266382441497,-0.1416772507836750,0.9883487409452366
image_200_rightcam,-2.0902949470607459,18.6799266991485170,0.3533000521745066,7.9759003336716887,5.6854498794474599,33.5840433086078390,0.8289772286157499,0.5592602073204116,-0.0049774435688306,-0.5504384371732033,0.8174127443963943,0.1698644523750532,0.0990670546593164,-0.1380739867110587,0.9854548659755262
image_201_leftcam,-2.4925589246459849,17.8343251495066260,0.2021724627188986,5.5223120411504532,4.0437643246992412,32.5563934033917160,0.8407638751555789,0.5413517424822920,-0.0073754420044047,-0.5367897708395788,0.8352984389264057,0.1188833876077823,0.0705184242263422,-0.0959937958333568,0.9928808302138467
image_201_rightcam,-2.1598118976480962,18.9190047950511300,0.4537503690945695,4.4339502640779482,5.2811624576594411,33.5370299724680480,0.8299906149539547,0.5567535725048550,-0.0337792627426602,-0.5501305539663622,0.8271029486566028,0.1151394194714241,0.0920432109447509,-0.0769816330473340,0.9927748362505700
image_202_leftcam,-2.7404872075149993,18.3116010874026040,0.3689114186665812,8.6885382565517535,3.9882475510162547,34.0063968243319510,0.8269676380572114,0.5615769758919899,0.0274922853557952,-0.5579310578819667,0.8135856678783656,0.1636804682105458,0.0695518530075661,-0.1506972500443254,0.9861302543641444
image_202_rightcam,-2.4043244823657886,19.2311814332106970,0.4498485112602376,5.3253234095390427,2.1976012745354603,32.5633403624744350,0.8421770889418809,0.5389079615681519,0.0177752586433746,-0.5378357901067956,0.8372437250702995,0.0987704799553372,0.0383459742551716,-0.0927424055589900,0.9949514724194110
image_203_leftcam,-2.8782380230318245,18.5260475723866020,0.4333366113482455,4.6352436880937926,2.8852881564749193,34.2385126037746940,0.8256545724618596,0.5641618565350761,0.0039908149192891,-0.5619259417655561,0.8217100217155030,0.0950361835471139,0.0503364971339564,-0.0807096019269327,0.9954658192088161
image_203_rightcam,-2.5629978178922008,19.6147003624438310,0.5536369659106034,8.5674483603535112,1.9125885243211367,31.1877352904416690,0.8549985502098667,0.5163187572575524,0.0489123710633915,-0.5175554115267552,0.8433543357015825,0.1445332503360863,0.0333747679901669,-0.1488905818289364,0.9882903012294735
image_204_leftcam,-3.0956313947234819,18.8969442950721240,0.4217132149273208,6.4713017080161199,0.2910526470529752,33.0105809501078230,0.8385591543620241,0.5418028136708097,0.0571686604184600,-0.5447868759573612,0.8329150618260086,0.0972612953234504,0.0050798051405612,-0.1127040854706276,0.9936156121448392
image_204_rightcam,-2.7962762019793805,20.0232302589435490,0.7510549167205259,8.8244600492442782,1.8098718374307616,31.6924193927137980,0.8504561495502759,0.5232629698650574,0.0540388939572140,-0.5250969945825167,0.8382633327468591,0.1469276395118940,0.0315829696597278,-0.1533311753692926,0.9876700191295391
image_205_leftcam,-3.2614583345815200,19.2908644159178450,0.5249726680874836,9.4012996344665645,0.2263488410003373,31.6786199003744390,0.8510004908765081,0.5186496656578945,0.0824662891180188,-0.5251500337064005,0.8392379045238917,0.1410573702736369,0.0039505222577362,-0.1633470658545839,0.9865607581140603
image_205_rightcam,-3.0522621727406305,20.5653510438617740,0.9941448242529261,7.7893879674248598,-1.7769537101675417,32.2975315564624880,0.8448783679801895,0.5258333199521152,0.0983862945092863,-0.5340589878627737,0.8397309333542006,0.0981476288611836,-0.0310087213880401,-0.1354668933585603,0.9902965111529272
image_206_leftcam,-3.5143339473014246,19.6868149875563030,0.7080444331662771,9.2499077887250376,-0.2281382880138111,32.3544589283969440,0.8447468596548146,0.5276560225813540,0.0893412834973549,-0.5351512765007378,0.8341114252550376,0.1336833629089297,-0.0039817537542675,-0.1607397029132370,0.9869888011241084
image_206_rightcam,-3.4679306558951337,20.8395247352698900,1.0083944070028976,10.2014025316494110,-5.7757124135364881,31.9129158766905300,0.8445433066715031,0.5051434101510989,0.1776984477627258,-0.5259460889914185,0.8448551743775228,0.0979818646595219,-0.1006345598241185,-0.1762097315940439,0.9791949835760807
image_207_leftcam,-3.7756535703210106,20.2208793970091350,0.9024785934648598,8.4609153478282835,-4.4289274739326796,32.8610660812173880,0.8374804735162840,0.5271542990600426,0.1439958383476971,-0.5409835079508735,0.8370118387604049,0.0821463687578062,-0.0772224099864028,-0.1466953535645948,0.9861628530006849
image_207_rightcam,-3.8751529444212554,21.0305489126645040,1.0070945807223981,11.8836829627782400,-1.7028542179765114,32.5651789783899590,0.8424074872761256,0.5215653406446298,0.1353485161328930,-0.5380209870340268,0.8280107033875301,0.1578977282503438,-0.0297160376237515,-0.2058345707453904,0.9781355154547884
image_208_leftcam,-4.2118268554995977,20.5261731348888680,0.8662184182719656,11.1272492281485120,-7.4509250750577944,32.8079900751119100,0.8333941946379799,0.5106053650299925,0.2115095211717452,-0.5372504110634082,0.8382504738994340,0.0932638130229156,-0.1296769530638029,-0.1913590975364446,0.9729160208538689
image_208_rightcam,-4.0460321147214762,21.2954416829921950,1.1097718181416356,9.3789364537000495,1.0365324435742946,34.2918202690193890,0.8260435443461465,0.5583121131990528,0.0770691059975660,-0.5633159129131939,0.8134735711669051,0.1446925404840806,0.0180899171593258,-0.1629365927843409,0.9864706896958463
image_209_leftcam,-4.5516593316056433,20.6990547057247870,0.9294955967970603,12.0853453338535260,-2.5289134488572729,33.4655988427519590,0.8334046035501405,0.5315080676963057,0.1514461645442775,-0.5508991562161214,0.8208223689447767,0.1508666905590839,-0.0441235363700391,-0.2091645586939255,0.9768844869914649
image_209_rightcam,-4.3415754652538352,21.4501458024463750,1.0860390872845176,7.0938318752078269,1.1709265280234276,37.2092386388572010,0.7962661094858603,0.6021083951958307,0.0585300206642154,-0.6046012649211328,0.7888098130571164,0.1106182140543029,0.0204351006852963,-0.1234688594727385,0.9921380183222913
image_210_leftcam,-4.7189225113298336,20.9075715501214140,1.0395322114751269,9.5877476869567406,-0.6240754907480778,35.4009740891202970,0.8150695951360959,0.5697245109424399,0.1052403758833968,-0.5792606670260282,0.8047830394391500,0.1295428078576525,-0.0108919567223471,-0.1665480142856161,0.9859731863576600
image_210_rightcam,-4.7188769900626228,21.7231435157251380,1.1316315527058032,7.9632581300610772,3.4470804387963834,39.3486888506225580,0.7719026058831032,0.6343657457134916,0.0417907608956836,-0.6328911099907495,0.7605634071466482,0.1448866681380976,0.0601266157832954,-0.1382873977441451,0.9885653168605506
image_211_leftcam,-5.0392044391427149,21.0398269713500130,1.0129254129877783,7.6387202469396911,-0.4745466974856390,38.3703138186972620,0.7839882913488977,0.6143699966336936,0.0889486720763794,-0.6207203576556106,0.7777411777181802,0.0991206238551246,-0.0082823076329490,-0.1329216600778578,0.9910919410742981
image_211_rightcam,-4.8923446810018412,22.1655491291755990,1.3799984768238185,6.6477205563876778,4.5462187991868142,43.1618880479565950,0.7271288400576651,0.6861559971389899,0.0217622964457617,-0.6819098082435392,0.7182428080087663,0.1382978024588329,0.0792632536403484,-0.1154002440806837,0.9901515643013773
image_212_leftcam,-5.3445897620364260,21.2855729236207980,1.1044236507327765,8.8281982003157573,2.3432283747169151,40.0193497045403530,0.7651869595950319,0.6402335104498291,0.0677493096850422,-0.6425085839370401,0.7527195471112148,0.1435130759335448,0.0408856506971639,-0.1533438472641685,0.9873267078699396
image_212_rightcam,-5.2834406161859278,22.4191157229572620,1.4503968409278996,5.5756828799990998,2.2016336175400175,46.4657330042772540,0.6882798298830327,0.7241034938394224,0.0441022220044006,-0.7244274039997444,0.6828234755965374,0.0946416267213119,0.0384163000609735,-0.0970887809368664,0.9945340398929635
image_213_leftcam,-5.5053880750350936,21.6901730251416010,1.3734146724399448,7.3475887416927890,2.5849810270025770,44.3913928244664360,0.7138506420686072,0.6979332633430166,0.0575014846556598,-0.6988441523413591,0.7046750901273703,0.1226779038469024,0.0451011258897647,-0.1277582767312964,0.9907793453489658
image_213_rightcam,-5.7939598594666650,22.8023527636860770,1.4725999620805728,9.0128910714389061,3.1279672334695920,44.8849488708878330,0.7074696467185478,0.7030290452782203,0.0723661555364607,-0.7046341088962532,0.6937448495894000,0.1490263609170009,0.0545662125487618,-0.1564232884303831,0.9861816684996272
