PhotoID, X, Y, Z, Omega, Phi, Kappa, r11, r12, r13, r21, r22, r23, r31, r32, r33
image_70_leftcam,-7.4607125756291319,-55.6456202250534490,7.9143746664843135,-11.6682633901512180,5.3611086969151005,-11.5972682615672670,0.9752997534614174,-0.2153873819006958,-0.0489761841721277,0.2001518287968903,0.9555429653592589,-0.2165107082379403,0.0934325228566515,0.2013601675366752,0.9750509969238757
image_70_rightcam,-5.9139344431474905,-54.8140506850839770,7.7953361363053091,-0.1533547764689544,-1.9354497772320014,-12.2968845828676390,0.9764997560322553,-0.2128881745429385,0.0335686104675372,0.2128557586257980,0.9770729089638628,0.0045778366867979,-0.0337735471749995,0.0026750156392678,0.9994259311237366
image_71_leftcam,-7.1711708123111242,-54.9584459810786330,7.8521516181768476,-6.5792688629679494,0.4416819988613604,-11.5690104502143710,0.9796547542179206,-0.2000926216888035,0.0154759582555411,0.2005421103879899,0.9730548135959445,-0.1137857271317152,0.0077087287769875,0.1145743098755702,0.9933847708804378
image_71_rightcam,-6.4110063450389010,-54.8470743211592550,7.5499404116192874,7.6444874436934747,1.4981228757546559,-13.7453591299041200,0.9710292900824600,-0.2321172359623098,-0.0567776943101008,0.2375259959202035,0.9635547583735278,0.1230594526147743,0.0261441975219989,-0.1329805112975202,0.9907737706212156
image_72_leftcam,-7.5589495410772463,-54.5829804243436670,7.7019502052100401,2.9206827146399639,-5.0461748411969580,-11.4900682580176030,0.9761610594110608,-0.2033312908479637,0.0759339993124068,0.1984260049856376,0.9777935456676477,0.0674307244224008,-0.0879585506640230,-0.0507559672628830,0.9948301991557623
image_72_rightcam,-6.5659140703827861,-54.8020161301660590,7.1064202717042857,7.0396308741649145,6.5171242666301419,-15.9587946636998620,0.9552467032550784,-0.2594993190044453,-0.1419994343528648,0.2731692681672046,0.9580363556539292,0.0868613387781464,0.1135001623315946,-0.1217638890704759,0.9860483093992578
image_73_leftcam,-7.6192959392530755,-54.5564541841752940,7.5538041323374987,7.7433047797945775,2.4940966624439094,-13.5939523345709490,0.9710650628524751,-0.2271974038992999,-0.0735797755414982,0.2348168692136515,0.9645009890841839,0.1208258250057910,0.0435164525210604,-0.1346075098835485,0.9899429966634102
image_73_rightcam,-6.4191842952314140,-54.2442377647659480,6.5539065269323382,0.2875058127883961,10.4065537884014990,-15.2789202171654230,0.9487866565099761,-0.2626404876256288,-0.1755672369446896,0.2591835014420774,0.9648811411078888,-0.0427585794263930,0.1806316500750781,-0.0049353615987522,0.9835384330045492
image_74_leftcam,-7.7660394459930941,-54.3973896315946210,7.1538728815137045,5.0732473965499221,7.0670158160589809,-15.6901023690595270,0.9554244843879389,-0.2589006273637557,-0.1418961584493912,0.2683796330954941,0.9619090923020512,0.0519929868941166,0.1230301880497997,-0.0877574116374079,0.9885151539208359
image_74_rightcam,-6.4122081503685138,-53.6802272675482040,6.2158156906431907,-4.0072793243123046,9.4956673068325887,-14.9051996816647620,0.9531118517933348,-0.2677325650418764,-0.1410569799307273,0.2536960775218077,0.9610247263074543,-0.1098625308088771,0.1649730227071363,0.0689256776664536,0.9838867580860569
image_75_leftcam,-7.6184482298950584,-53.6560006241480350,6.6334160085470550,-1.7645462624231716,8.6399606981359298,-14.0621686226380800,0.9590245802222863,-0.2473464970863994,-0.1381722291509966,0.2402172572008532,0.9684487306815887,-0.0663530359826819,0.1502249109580924,0.0304428385717857,0.9881830345170500
image_75_rightcam,-6.3128904506955452,-53.1932956611818210,6.1916241230697917,-10.4020005753046620,6.6526252168482394,-12.5262411248731740,0.9696238277997349,-0.2337413700496633,-0.0720736046711740,0.2154263826316759,0.9556165193393735,-0.2009690066451333,0.1158494981828627,0.1793377815548280,0.9769426052116736
image_76_leftcam,-7.6113487259109327,-53.1582683931167490,6.3470763472516341,-6.7384975755457912,7.4331529804925145,-13.4539087501478760,0.9643844857159647,-0.2458192140344374,-0.0976497707209093,0.2307078804551644,0.9623071917189575,-0.1440095228165810,0.1293693843466844,0.1163519779697158,0.9847465560317003
image_76_rightcam,-6.2076973740170240,-52.7646242331319190,6.3037111713273282,-16.6044865744050940,0.8527128107877369,-12.1586594866602520,0.9774598562979591,-0.2059940785382385,0.0462457450275731,0.2105961835432089,0.9359080082748050,-0.2823569505504029,0.0148820967275569,0.2857317617176468,0.9581940740490529
image_77_leftcam,-7.5179646286262427,-52.6908995376708660,6.2844135342460667,-13.7740979191575260,3.5918717490297993,-10.9382619339570190,0.9799035308998614,-0.1989396526229620,-0.0145631296169403,0.1893784073935103,0.9507663047230891,-0.2453145992726478,0.0626489340937434,0.2376266997150305,0.9693341336399233
image_77_rightcam,-6.1937307144239249,-52.0838890113824960,6.3263108212432160,-18.9625741174374020,-2.8153613885969286,-13.0300163678325000,0.9730761648299154,-0.1976761041756237,0.1185197674561134,0.2251893497793275,0.9249789714552060,-0.3061105341402559,-0.0491175547627009,0.3245582539446766,0.9445895434581709
image_78_leftcam,-7.4461226278307633,-52.2640537531649440,6.2339031498205664,-18.9181038514946390,-2.2715439228707064,-11.2227093183061410,0.9801073224078705,-0.1715054121394925,0.0998775759083977,0.1944702056625074,0.9303949669960974,-0.3107193983289640,-0.0396355354707997,0.3239615702443642,0.9452396126553039
image_78_rightcam,-6.2124419517007539,-50.9539552780166150,6.2702425740422845,-13.4016388401292110,-4.6013741261325105,-11.1731167461237230,0.9778842261446532,-0.1702561680050579,0.1214713032518636,0.1931495218518656,0.9579345359108480,-0.2122608939905423,-0.0802228300789024,0.2310287042025337,0.9696339697889250
image_79_leftcam,-7.4679492308455844,-51.4090075701614000,6.0894627024175234,-19.2802301092900880,-5.5484865490056574,-11.8009692949346830,0.9742776897239969,-0.1617919748185700,0.1568640819001558,0.2035544153980924,0.9304934147659056,-0.3045449146664991,-0.0966880720565488,0.3286416923666133,0.9394924452918162
image_79_rightcam,-6.2066700343412124,-50.1982767698762730,6.4201649295532937,-6.8573195631537365,-0.0287535586355991,-11.3301254934271400,0.9805113731972597,-0.1949975850183999,0.0239455396225756,0.1964616888433325,0.9735092364145589,-0.1169725242626164,-0.0005018442487917,0.1193972715456038,0.9928464330901409
image_80_leftcam,-7.4337664989195691,-50.4601327363858800,6.2054212100165813,-11.0307490094275290,-5.2255698959838499,-10.3398739140492000,0.9796717120282437,-0.1590275084277104,0.1222848650280350,0.1787409138817147,0.9687128298954467,-0.1721834454896435,-0.0910770133259739,0.1905405593547742,0.9774452787160979
image_80_rightcam,-6.2372015581676967,-49.5212399139526980,6.5345778552754226,-5.6563131710060386,2.8936686222935575,-11.2017485281805240,0.9796984599533205,-0.1981992412872334,-0.0301328445098873,0.1940165892238120,0.9752064111807313,-0.1064425605571254,0.0504825778962469,0.0984353409358840,0.9938621599516635
image_81_leftcam,-7.4499384593260585,-49.7165541272141520,6.4740744544337430,-7.0392630274886736,-0.1660477817761026,-10.4375317401768320,0.9834488803486998,-0.1794485801451027,0.0250301183536066,0.1811626365831925,0.9761044816849629,-0.1200005830850683,-0.0028980764508605,0.1225489613111303,0.9924582375266217
image_81_rightcam,-6.1040968655895789,-48.5694501045408840,6.5286212779498287,-8.0008401395599034,5.8831097192283899,-9.6135237354091387,0.9807636880431832,-0.1794421655009855,-0.0768316175558645,0.1661218863542219,0.9739768231981533,-0.1541838731740409,0.1024993028759156,0.1384545308509286,0.9850503722129143
image_82_leftcam,-7.4452625813929210,-49.0537725878641310,6.6587003288090729,-5.9614070915596598,2.8756451421072917,-10.6789177685830180,0.9814436279843839,-0.1894231101821387,-0.0297874204619278,0.1850717049827499,0.9764012669463162,-0.1113060192460703,0.0501684074256726,0.1037277746534359,0.9933396597648851
image_82_rightcam,-5.8710336047864411,-47.4331230280330730,6.3530584768474219,-7.0588809907691941,4.3277741682222652,-9.5878182403562295,0.9832199710456282,-0.1744406020362496,-0.0533756957637559,0.1660841936216664,0.9770131510202301,-0.1336463368841888,0.0754621041720616,0.1225388880917077,0.9895906687813771
image_83_leftcam,-7.3021258927194710,-47.9361983768988940,6.5778734828206451,-9.1439330105453376,4.5115481766457055,-8.1716420979120414,0.9867796620205080,-0.1527061201372045,-0.0542838787793749,0.1416986197933404,0.9754911963293163,-0.1683402121676876,0.0786600265150893,0.1584227469672248,0.9842331194752614
image_83_rightcam,-5.6959868696346767,-46.9540832196427400,6.2471975311174575,-9.6836615461519404,3.3087057869019989,-10.7942117331281150,0.9806687288980693,-0.1941500715211353,-0.0243842959665289,0.1869698904721410,0.9664915785266474,-0.1758871476086451,0.0577157189878185,0.1679278963287749,0.9841082854118806
image_84_leftcam,-7.0627632714655588,-47.0130266882532840,6.4067577297148937,-7.7885762185589469,2.3586175732893091,-9.5719077145534683,0.9852422951180315,-0.1702507533253564,-0.0176720373104736,0.1661444155261199,0.9760536092881872,-0.1404114845195609,0.0411540168153501,0.1354032229588777,0.9899355100774548
image_84_rightcam,-5.6190263866833616,-46.2962995643619100,5.9864056531373553,-12.8281672071926970,-2.1462082651216363,-11.6265050938989520,0.9787950350053676,-0.1883566412842193,0.0805112112253290,0.2013896814776733,0.9567102696392782,-0.2101134364124798,-0.0374496414290293,0.2218721155325015,0.9743563458540051
image_85_leftcam,-6.9693617792663085,-46.4278092042064470,6.1488316668865162,-12.2414078851716020,0.4205411711317082,-9.6806535332840262,0.9857337520918659,-0.1658672454667253,0.0285836818512496,0.1681520082488752,0.9630852929416425,-0.2102180311994692,0.0073397621734326,0.2120254121580515,0.9772365898237979
image_85_rightcam,-5.6316815504938162,-45.6733356112845780,5.8789948365816418,-12.0892525329144010,-5.7837200767822674,-13.0124482329121300,0.9693612720617586,-0.1996056351213190,0.1431653402699974,0.2240165258834821,0.9574653794703169,-0.1818698524958369,-0.1007736094317581,0.2083689937192600,0.9728448191250847
image_86_leftcam,-6.8571373650810052,-45.8651148395521990,5.8516437824400516,-13.2070419230457310,-5.3714694048221414,-11.6487782145755650,0.9751028559754982,-0.1756241976845638,0.1353904038552226,0.2010251454594802,0.9578177249179876,-0.2053633285811400,-0.0936125587804425,0.2274672438409184,0.9692756789572276
image_86_rightcam,-5.6348818968979462,-44.6246125543278960,5.7775834160507697,-14.0315928720029960,-6.0662050782693706,-13.4651477662278150,0.9670661131746425,-0.2009880508393291,0.1561631716157711,0.2315499645512003,0.9494603544998667,-0.2119189683566002,-0.1056775598962590,0.2410992298884321,0.9647297106866657
image_87_leftcam,-6.8577245655565724,-45.0944734553748600,5.7512778770162347,-13.1677968245990190,-7.2564458325005567,-12.4987315838691180,0.9684813572484396,-0.1826356567879386,0.1693755517536660,0.2146846538467475,0.9568582263230131,-0.1957877271962667,-0.1263105698859867,0.2259790954659651,0.9659084264812382
image_87_rightcam,-5.7403321212782954,-43.5083526650129640,5.5817609268681618,-13.0151236810577530,-4.7105263780863718,-13.7814856805341530,0.9679308632709063,-0.2141378983166876,0.1313575442528903,0.2374150062515492,0.9506672680896791,-0.1996643688530412,-0.0821216094229461,0.2244475570983532,0.9710197399529872
image_88_leftcam,-6.9025306123501515,-43.9034807517598790,5.5283785236500931,-15.6177092292366700,-7.6120012547960050,-12.8099538203589030,0.9665179943116369,-0.1787579038903142,0.1840885071604200,0.2197640849983643,0.9470159966904830,-0.2342316139148662,-0.1324640087595215,0.2668451120201987,0.9545925688870018
image_88_rightcam,-5.8748356588588520,-42.3166204262862350,5.5150511697164735,-10.4812813296849900,0.9555439183447824,-12.4745005567512610,0.9762564553115133,-0.2153630115543284,0.0232831852814358,0.2159750540999431,0.9594452407259426,-0.1811618228404235,0.0166766144383714,0.1818889862047413,0.9831776478481829
image_89_leftcam,-7.0415804466840228,-42.7468618597673710,5.4373451051836419,-13.3169905193514890,-4.4700111206891826,-12.7706645271520710,0.9722961669653427,-0.1975974523613115,0.1248815860117963,0.2203768180618537,0.9530067052426936,-0.2078756306626602,-0.0779372938036414,0.2296376854586053,0.9701506644082555
image_89_rightcam,-6.1330075562519912,-41.0437524596014140,5.4279312172457956,-8.1137861092793582,5.0612837881833732,-7.7875170120780108,0.9869142511859048,-0.1464799856978186,-0.0674082680101761,0.1349713896264897,0.9791722585248943,-0.1516720545042893,0.0882212264053225,0.1405891244912801,0.9861296635262100
image_90_leftcam,-7.2350504259586650,-41.6500446810052050,5.5107776066947007,-10.5078686947579530,1.1949777144803178,-10.3653061014079510,0.9834666635105791,-0.1806474273421524,0.0126423398954210,0.1798844066727054,0.9664998455174942,-0.1830837208783690,0.0208547836090020,0.1823308959263943,0.9830160336389739
image_90_rightcam,-6.0867261765604503,-40.0092857968740250,5.3292548328151925,-7.6773366265539247,6.9156874459742719,-6.3471939869890077,0.9866392403937994,-0.1255492994693969,-0.1038286218626186,0.1097486518722304,0.9831829542711119,-0.1459675026948014,0.1204086488894170,0.1326222147058040,0.9838257495304507
image_91_leftcam,-7.3688885228790282,-40.5152832609710250,5.5437874631216770,-8.1280554158072640,4.3688310385291445,-6.0496596134572460,0.9915414462903596,-0.1150420311927091,-0.0600906926859563,0.1050841709779403,0.9833063269232000,-0.1485462367166671,0.0761766191052168,0.1409751697706402,0.9870780740193949
image_91_rightcam,-6.0413012489460671,-38.8488919472193220,4.9488048591147793,-9.2460480644092797,9.2397585462982406,-5.1153405268281791,0.9830939880926726,-0.1136986793944569,-0.1435228932261370,0.0880041201400037,0.9807761730329472,-0.1741647876272073,0.1605661403111764,0.1585897497154306,0.9742011116144185
image_92_leftcam,-7.3252239435275053,-39.4873422989738780,5.4099656593600391,-8.4868389510913289,6.4803774117112356,-5.5149642548484055,0.9890112748013242,-0.1116328059563746,-0.0969268536070692,0.0954916613013598,0.9828708175916794,-0.1576270869760983,0.1128629298652404,0.1466392599577974,0.9827303223678729
image_92_rightcam,-5.9084485150881170,-37.3176557882587830,4.3320307008650554,-10.5229934607536820,8.5419449010335811,-3.4137103000743401,0.9871526810995621,-0.0856223285082815,-0.1349014494316745,0.0588847284628717,0.9798218811870160,-0.1910017536594655,0.1485334068544870,0.1806042580006270,0.9722756445783481
image_93_leftcam,-7.2909158886342329,-38.2327358919396900,4.9465980811506860,-11.0084477454950240,8.1272618002506363,-3.0259493552428505,0.9885762363394846,-0.0787748015989525,-0.1284972979400935,0.0522580534499257,0.9788053768871929,-0.1980129541882173,0.1413722773194386,0.1890358823339267,0.9717403533844571
image_93_rightcam,-5.5150730514451922,-36.0074803700025750,4.0641665355867636,-8.6099282205800574,6.0507405121553104,-4.6201628394593675,0.9911976328838374,-0.0953711128513440,-0.0918237627140909,0.0801009462645966,0.9842465573365864,-0.1576152047823880,0.1054091598154245,0.1488726476038302,0.9832221741917907
image_94_leftcam,-7.0734142582349211,-36.7104756758635770,4.3470730072336723,-9.8821036297434670,6.2199691201285230,-3.2900114590032770,0.9924748019650092,-0.0751023027157344,-0.0967130373388724,0.0570521424969541,0.9824721349036673,-0.1774642419597192,0.1083458374882172,0.1706111024072722,0.9793635848010444
image_94_rightcam,-5.2524222023822329,-35.0146513162360410,3.8901828826527525,-9.1252445558002240,6.6266545588581867,-5.2156078462001547,0.9892065215654555,-0.1079791407415215,-0.0990503046794663,0.0902965524073847,0.9815924192328710,-0.1682939545197640,0.1153992647971070,0.1575335763235342,0.9807477667652395
image_95_leftcam,-6.7316468084903809,-35.5853544867659220,4.1336913307269620,-8.8711194898025560,4.6461146159099318,-4.2054683179793617,0.9940303377673418,-0.0849138941572728,-0.0685077964701244,0.0730924076913251,0.9844613798323577,-0.1596661878935414,0.0810011576215403,0.1537056348922118,0.9847910388840633
image_95_rightcam,-4.9600748745980727,-33.9188037645728570,3.7604736246924668,-9.6537432634034683,6.0841686051466040,-5.8832472417527724,0.9891297667412611,-0.1187302886932562,-0.0867491964988424,0.1019243259025256,0.9788247556730710,-0.1775205043674357,0.1059893218003327,0.1667489617010222,0.9802862068987489
image_96_leftcam,-6.4634531149271686,-34.4551746587421730,3.9754614072471033,-10.4884231528135990,5.1509978309533313,-4.4412708344677521,0.9929709063013454,-0.0924376958145320,-0.0739192236944154,0.0771244707534484,0.9790735235567122,-0.1883264492344201,0.0897808178292303,0.1813017039708788,0.9793207323891241
image_96_rightcam,-4.6263636093337874,-32.5670077801695830,3.5857808410623067,-10.3466197172925140,5.8104416185098442,-4.5152550666462892,0.9917746297166210,-0.0955705184986377,-0.0851431726232988,0.0783200584280365,0.9792546896402283,-0.1868855833536899,0.1012376031832454,0.1786799619753756,0.9786850458090133
image_97_leftcam,-6.1569231544287151,-33.3174922381533070,3.8317741829299656,-10.5416791027631780,4.8835762870793911,-4.6251514911317440,0.9931251384866737,-0.0947996221701498,-0.0686694323714854,0.0803437475263399,0.9786647210386720,-0.1891037969680203,0.0851313193792328,0.1822865750149897,0.9795530935227838
image_97_rightcam,-4.2441974623229628,-30.8850711779981420,3.2592288866129562,-10.6895802266474110,3.1641792224711014,-3.8150563482227891,0.9962628646591634,-0.0755972119023084,-0.0417775783610675,0.0664346668120984,0.9797877935324486,-0.1886857564586728,0.0551972784354730,0.1852051327512647,0.9811484695273716
image_98_leftcam,-5.8411234080038437,-31.9043689750557920,3.5938113083544074,-11.4396586667443750,3.8774903801185858,-3.2266024788185090,0.9961292901804251,-0.0685577896012115,-0.0550115145186760,0.0561562349660630,0.9778254550429966,-0.2017519683779889,0.0676233282165172,0.1978818055177198,0.9778905237939309
image_98_rightcam,-3.8701679753130835,-29.3299292577309780,2.9008144994381082,-7.8738025469029029,-1.2390438030850539,-5.3932664372039181,0.9953402330010095,-0.0901560271021428,0.0342010430638306,0.0939693343762154,0.9864653853939318,-0.1343719003977129,-0.0216237084328135,0.1369596079023281,0.9903405884022191
image_99_leftcam,-5.4555113393278267,-30.2042310878591420,3.1698728752638163,-11.0162644896591450,0.1514738686835363,-3.1559870722293217,0.9984798607088379,-0.0545444401587630,0.0079291743975516,0.0550543234601783,0.9800564640218483,-0.1909406944507481,0.0026437146596645,0.1910869733308867,0.9815695489347861
image_99_rightcam,-3.6136705374488658,-27.6849311408097660,2.5761448942719967,-6.0658554080646301,-0.8490359277230781,-5.1902125029954131,0.9957905249166741,-0.0883965544380501,0.0242338533802578,0.0904525258579190,0.9904655657565044,-0.1039052626991057,-0.0148179300881559,0.1056598893342621,0.9942919172626188
image_100_leftcam,-5.1431755279794089,-28.6098416712620890,2.7427534185991602,-7.9610629639424708,-3.0426176620459158,-4.4963856767360690,0.9955169497123342,-0.0703118729063941,0.0632632860658139,0.0782856954120281,0.9878906848623954,-0.1339527702437052,-0.0530787408413677,0.1383048635822429,0.9889663351096397
image_100_rightcam,-3.2451441937466221,-26.2503296120985890,2.3216201727825725,-5.1369862395013408,-0.8586097527528598,-5.0695985918366047,0.9959762506485359,-0.0866743892140966,0.0227784634786473,0.0883558584937232,0.9922058408124500,-0.0878681496760719,-0.0149850063037005,0.0895272009616226,0.9958716432723926
image_101_leftcam,-4.9390135701581448,-27.0879539802586570,2.4961136071037875,-6.2117003043591277,-2.4703144512111019,-4.3144851190733835,0.9962394667513579,-0.0701386406178714,0.0508674353515837,0.0751609128402282,0.9916625277278356,-0.1046721944045470,-0.0431017640937593,0.1081018140121463,0.9932050320750945
image_101_rightcam,-2.8731204330530997,-24.8169912524667670,2.0536276013817218,-4.7810036432661596,-1.9929795420982321,-5.7195018036049605,0.9944198139376803,-0.0964275271736454,0.0427897844271883,0.0995981479195310,0.9918484440218163,-0.0794787583100118,-0.0347770409774694,0.0832970353294637,0.9959177482735077
image_102_leftcam,-4.5673329475635374,-25.6293822851080830,2.2170687209569908,-5.4601734756909988,-3.5632976039034419,-4.4832940749664001,0.9950128292386118,-0.0719179067623502,0.0691179017150785,0.0780172984068676,0.9928789144010224,-0.0900264543739285,-0.0621511930687345,0.0949698690362852,0.9935380985021983
image_102_rightcam,-2.6338457778785154,-23.3640382575935130,1.8177020882506687,-4.7007712745370736,-0.0633464977208065,-5.7186713911026441,0.9950225429400244,-0.0992186807576190,0.0092624203038544,0.0996439495370866,0.9916852039061737,-0.0814342659709126,-0.0011056047295935,0.0819518745501803,0.9966356746052660
image_103_leftcam,-4.1722873383294807,-24.1819688833449080,1.9564494744870393,-5.4134383364145613,-3.3563905146485364,-4.9793615830382105,0.9945171798403996,-0.0809072293962402,0.0662540506967119,0.0866480148931715,0.9922621379324257,-0.0889267740382204,-0.0585465670844247,0.0941799865002968,0.9938321938966522
image_103_rightcam,-2.4807220982896112,-21.7829073256847610,1.6900389896059569,-4.6961486117559916,3.9451680373608817,-5.6756860981016057,0.9927395946339646,-0.1041707628403967,-0.0601377536597576,0.0986631289878794,0.9911998975050096,-0.0882516298114651,0.0688017748631019,0.0816775082584468,0.9942811978612380
image_104_leftcam,-3.9680002136460146,-22.6666638706392370,1.8022740355897062,-5.2531120294905094,-0.7082504283391685,-4.9124670657853571,0.9962505673426161,-0.0841464901222717,0.0201041107641671,0.0856271748185733,0.9922389841752421,-0.0901653215791581,-0.0123609871007517,0.0915487109848410,0.9957238771441153
image_104_rightcam,-2.2738450225073592,-19.9474720620794200,1.5881135931258616,-6.8305396607247912,7.5464098422170069,-4.5018087198840862,0.9882803867755567,-0.0935046798582767,-0.1206596534031047,0.0778107447296894,0.9886130335034382,-0.1288012344340726,0.1313292241634256,0.1179031162935532,0.9843025398976180
image_105_leftcam,-3.7606737430914499,-21.1103645172187910,1.8039427473770191,-5.7280005135100360,3.9699750939414851,-4.6136530037315948,0.9943679826882792,-0.0869223691755854,-0.0606367606435685,0.0802434345358794,0.9912270208484069,-0.1050237323364499,0.0692337072409691,0.0995665349246197,0.9926193625477877
image_105_rightcam,-1.8383751433057816,-17.9059158576917310,1.4217604522741230,-8.6519965375820291,7.8993434720159117,-3.5995566968585493,0.9885569719959735,-0.0827019916140513,-0.1261566236914334,0.0621870541196147,0.9853719343080414,-0.1586660687669335,0.1374331962011968,0.1490051397136975,0.9792392888976753
image_106_leftcam,-3.4642655059588479,-19.2277360109437400,1.7714742389714195,-7.6777084338317696,6.9191771124151140,-3.4618802805465365,0.9909055599905647,-0.0759084995786683,-0.1111038742416336,0.0599446770306426,0.9882549338986051,-0.1405660745726218,0.1204691117070155,0.1326276189817915,0.9838176191793597
image_106_rightcam,-1.1490186989406408,-15.9803986174822920,1.1716407153251958,-5.9690923097165323,3.5744130422854923,-2.8995408037054302,0.9967769228022454,-0.0567857309929560,-0.0566669826661198,0.0504865314425438,0.9929768811514972,-0.1069954374800467,0.0623448178422852,0.1037896635231139,0.9926433546012240
image_107_leftcam,-3.1776958452623920,-17.0683375626364120,1.3598623154314038,-9.1045538667038457,4.3415637894568997,-2.7281035727737595,0.9960003809753162,-0.0589620054905792,-0.0671321309475119,0.0474598215469145,0.9857120116156067,-0.1616149606176636,0.0757020900356126,0.1577824833916703,0.9845678653597209
image_107_rightcam,-0.7004212625697669,-14.9908999545168000,1.0329587106502391,-5.4546662819863734,2.5014961493084442,-2.5333912039481810,0.9980706447090517,-0.0481462573539941,-0.0392036487187253,0.0441594911897776,0.9943153928462210,-0.0968857001157842,0.0436454752284610,0.0949675599974468,0.9945231194096060
image_108_leftcam,-2.2578004821994835,-15.5457704207391550,1.3078587434485194,-6.0943381685748390,1.5187886841630540,-1.9522708749938336,0.9990684436837900,-0.0366866962435239,-0.0227229213347541,0.0340549936080072,0.9936754120715654,-0.1070020226666923,0.0265047589237972,0.1061285153158193,0.9939991126712596
image_108_rightcam,-0.4424328149091115,-13.7945196356501260,0.7669889111990884,-6.7833388435603590,3.8252129676903501,-1.7492177628175769,0.9973072537087850,-0.0381873354182763,-0.0626096567111907,0.0304568639028690,0.9922966363389409,-0.1200823257254202,0.0667129758071337,0.1178520806947243,0.9907876997293019
image_109_leftcam,-1.9803312547918381,-14.5030205234956890,1.0862176524997111,-6.4040967762555532,1.6248650933918476,-1.0672494092130771,0.9994244954450549,-0.0216719294338508,-0.0260960797632913,0.0186184495692295,0.9935286415186546,-0.1120454899482117,0.0283554446277241,0.1114951387133579,0.9933603589852242
image_109_rightcam,-0.2670224155875142,-12.3686334908397040,0.4827878689255527,-6.3115730034386113,3.2211027455604104,-1.2254167117660444,0.9981917929672761,-0.0274320563610586,-0.0534848271622757,0.0213521389844524,0.9935793469795563,-0.1111043087214320,0.0561892393040111,0.1097613936659072,0.9923684828968293
image_110_leftcam,-1.8393880779548342,-13.2718235453040220,0.7477150257593309,-7.4736248947088821,2.4899248655850021,-0.8303281829183069,0.9989509688702536,-0.0200184668141196,-0.0411852252585064,0.0144777716860408,0.9913188401298236,-0.1306803402607602,0.0434437097885160,0.1299469822276498,0.9905687385990627
image_110_rightcam,0.1406583311053568,-10.9503040870338300,0.4005763365966506,-4.8364781624197359,2.7757443195154776,-1.2362916401417849,0.9985942188972019,-0.0255808958659788,-0.0464241720634972,0.0215503711862752,0.9961193361029913,-0.0853337550062688,0.0484269293556902,0.0842133362860663,0.9952702881653550
image_111_leftcam,-1.5593422805185897,-11.8747962610033340,0.5059733216481425,-6.2288815085962552,1.4398930916074237,-0.8240248044822690,0.9995808504255470,-0.0170226906459959,-0.0234169055537031,0.0143769090251845,0.9939543798308649,-0.1088484970126942,0.0251282301291176,0.1084662104906945,0.9937824979503144
image_111_rightcam,0.3519663118949849,-9.4962824946989688,0.4432939050284930,-4.5956463406452555,0.4217469387510854,0.1999659439931427,0.9999668187963449,0.0028890687566252,-0.0076167307972472,-0.0034899624799069,0.9967809571972758,-0.0800970881541373,0.0073608062199112,0.0801210125410449,0.9967579655468979
image_112_leftcam,-1.1752983617728041,-10.4296771218744480,0.4889501320678862,-5.3532769325971037,1.0071587717861010,-0.0242911319945208,0.9998454169189341,-0.0020620131839737,-0.0174611101546337,0.0004238947206592,0.9956375914754883,-0.0933038410471653,0.0175773314092023,0.0932820161795296,0.9954845568254753
image_112_rightcam,0.7581785271499891,-7.8611501407912190,0.4740994715044779,-3.0871046563802467,-1.5024565254563378,0.7729226364364610,0.9995652437408547,0.0148819747999397,0.0254529041828199,-0.0134849980033626,0.9984389111632175,-0.0542023569972588,-0.0262198080491670,0.0538355598212092,0.9982055169976782
image_113_leftcam,-0.8699510875762065,-8.9686133067181437,0.4811400654483449,-5.0268772702810827,-1.5301064468792467,1.6292081610101530,0.9992393275636311,0.0306606441269093,0.0240975341457462,-0.0284210772385071,0.9956844887976376,-0.0883438800166159,-0.0267022212331707,0.0875918013829521,0.9957985075866024
image_113_rightcam,0.9999126549087241,-5.5233672250065489,0.5745141048986564,6.5709215323938786,-2.8071931361895346,-2.9849978042000100,0.9974448288876907,-0.0573291668954761,0.0426283936863229,0.0520119860359979,0.9917912420337184,0.1168113245101080,-0.0489751634381821,-0.1142956641709794,0.9922388495306551
image_114_leftcam,-0.7474137581545937,-7.1368407147156070,0.3916200311678146,-1.3347461917876180,-4.0242517416349939,0.7207619924084441,0.9974555069642457,0.0142105109681544,0.0698610979352877,-0.0125483229313804,0.9996290019127756,-0.0241743278392207,-0.0701787091524894,0.0232361768131570,0.9972637709597186
image_114_rightcam,1.1420321909399509,-4.0474992976164081,0.6716717756240400,14.7025234081681870,-2.5940669538343029,-4.9103960226636607,0.9953088041707956,-0.0942396788319737,0.0218921738013273,0.0855099881935285,0.9627232807639472,0.2566163022768522,-0.0452595432946876,-0.2535404654266228,0.9662653911488333
image_115_leftcam,-0.3642902432894100,-4.8958936406631368,0.5982201163869574,9.6376802829622772,-4.6146797264753987,-3.2199807159075804,0.9951846527668586,-0.0688250817851238,0.0697897916215417,0.0559876017335812,0.9835730948458464,0.1716081453413140,-0.0804543059719558,-0.1668744294750838,0.9826902001332548
image_115_rightcam,1.2262970336579939,-3.1831780261659262,0.5715365500019140,18.1349081174872100,-0.0038531584844110,-3.8973079268926969,0.9976874712133887,-0.0646130529738593,-0.0210917796601160,0.0679684137024729,0.9481271945764823,0.3105400419322744,-0.0000672503021034,-0.3112554839515707,0.9503262698607623
image_116_leftcam,-0.2808656865086986,-3.5768877384218429,0.6894263936138992,15.6491075151512740,-3.2123628951937224,-4.2194645587062309,0.9957224942585474,-0.0859243559642171,0.0339664463797944,0.0734613893792291,0.9592095686945293,0.2729842991736495,-0.0560369404768875,-0.2693213849232731,0.9614186668278292
image_116_rightcam,1.2299121902932364,-2.0079643638409936,0.4591675380498756,14.7639820104579670,3.0550225558207620,-3.1183349626400809,0.9971002327811716,-0.0390408571974482,-0.0653217977173163,0.0543210372752074,0.9662907945111965,0.2516571583568932,0.0532949406330381,-0.2544757589873921,0.9656095160004957
image_117_leftcam,-0.2751143341194144,-2.8048579649746257,0.5911279037290720,16.9253494872195200,-0.7133811906021118,-2.8994470278063837,0.9986424338064139,-0.0520123054006887,-0.0028301039040789,0.0505793804945107,0.9552768223451050,0.2913553139364890,-0.0124505289041832,-0.2911029247141709,0.9566107210108310
image_117_rightcam,1.2506592332735846,-0.6164004843073933,0.4748051219872883,12.1574190862192210,6.5665797984709506,-2.8145795543631209,0.9922412271558585,-0.0239481653818268,-0.1219993135516789,0.0487817861479486,0.9775760019083232,0.2048548213568679,0.1143577040362913,-0.2092167437558073,0.9711594460539244
image_118_leftcam,-0.2253873975043980,-1.5298293616460172,0.5793296459443562,13.3673003726493160,2.3139633420229422,-2.3035530932168724,0.9983771484981385,-0.0297778944785323,-0.0485422121163796,0.0401609810841020,0.9724969670655937,0.2294269919747540,0.0403753013002826,-0.2310041688988462,0.9721146583589123
image_118_rightcam,1.5563902034189576,0.8261064176393115,0.6043039700350901,9.4919837281317943,9.1496588306563602,-0.7745783629436174,0.9871861418736663,0.0128870649837125,-0.1590517049537401,0.0133465260220199,0.9865730505038507,0.1627743415365892,0.1590138092611127,-0.1628113619365434,0.9737592458552773
image_119_leftcam,-0.1629509873166160,-0.1107630301172915,0.7111331245492736,10.8741869587436020,6.0855951883483543,-1.7032307672413141,0.9939253042177518,-0.0091978606938885,-0.1096717328863985,0.0295551088204126,0.9822043723193725,0.1854752450849464,0.1060140800944067,-0.1875898993958983,0.9765096233352613
image_119_rightcam,1.8107605504355404,1.8727655983168110,0.7109330267971091,7.4196043894956185,7.7622442507954226,1.2159410018304806,0.9906139382275954,0.0384802798096096,-0.1311613260644624,-0.0210261380393942,0.9910336244078081,0.1319479322015776,0.1350626777032145,-0.1279516446119311,0.9825408132656576
image_120_leftcam,0.1349229987989781,1.1360935599059141,0.8508478138265145,8.6791447367749761,7.2096435096929907,0.6333863922452218,0.9920329730702016,0.0298648184967558,-0.1223873888832210,-0.0109670518146293,0.9882791261359042,0.1522632346252661,0.1255002156013773,-0.1497079204992490,0.9807330087357101
image_120_rightcam,1.9764733336318323,2.5800108910369381,0.8195012190810549,5.5563860178616533,6.5853366134657616,2.0893183017630372,0.9927417424144636,0.0473829290879568,-0.1105381875142726,-0.0362168619396034,0.9942348934411871,0.1009223244641105,0.1146829184279096,-0.0961864579607605,0.9887345414851352
image_121_leftcam,0.3468506588916850,2.0125877957077898,0.8967520139541808,7.0116474577436056,5.2945102027736475,2.3196720156324857,0.9949175975342146,0.0514270617329957,-0.0865692291652027,-0.0403021708223979,0.9912521281825240,0.1256779750020648,0.0922751816240368,-0.1215503010902400,0.9882868081488913
image_121_rightcam,2.3697557151104922,3.5657984383689003,0.9926656613371371,2.0706132285589272,2.1625701845799252,0.2042291202596764,0.9992814327280599,0.0049255363364925,-0.0375813424022330,-0.0035619243503817,0.9993358483508665,0.0362653401442216,0.0377350089423355,-0.0361054191590658,0.9986353027043807
image_122_leftcam,0.5128541021010441,2.7600060800135502,0.9798718577279075,4.3412220749490027,3.9421692122164447,2.4518048921410465,0.9967206750869211,0.0478555858610563,-0.0652513506079954,-0.0426777920410324,0.9959954915726419,0.0785594477671148,0.0687495594224055,-0.0755170422412501,0.9947716694851932
image_122_rightcam,2.5268884322995842,3.7000970805300755,1.2283808089578383,3.5201123163835821,-4.9035591907781795,-2.3293132360129021,0.9955167447738078,-0.0458102761109000,0.0827516131420070,0.0404942337693928,0.9970752917984699,0.0648157350990159,-0.0854788155415776,-0.0611741864485271,0.9944602008154826
image_123_leftcam,1.0410975790267234,3.7062784980321442,1.0960953252021066,1.8856877714167026,-1.6508028339338074,-0.0419930321685691,0.9995846961600590,-0.0016804602912033,0.0287682334496337,0.0007326124223066,0.9994575035751392,0.0329266127378692,-0.0288079586510675,-0.0328918622239700,0.9990436561621309
image_123_rightcam,2.3980873751176608,3.8636969729956738,1.5031641122389092,5.1785831038163943,-3.8978076744383414,-1.8200558506390598,0.9971835516440990,-0.0377635253789543,0.0647987691350220,0.0316871589325186,0.9952208987813127,0.0923649640702668,-0.0679771159232731,-0.0900515340228546,0.9936145293477168
image_124_leftcam,0.9463956286102279,3.7066084311359528,1.1350052983500702,4.2041613880965194,-7.3794925466351540,-2.4378954692965893,0.9908196093342723,-0.0518295486803982,0.1248607209744793,0.0421841439416259,0.9960059796140189,0.0786929893512173,-0.1284406468318838,-0.0727034143400762,0.9890486407577247
image_124_rightcam,2.3484756402770524,5.0795275777568305,1.8713355882362532,2.4764649333982418,-3.5183706276361448,0.0064488576626190,0.9981151669273556,-0.0025392263134579,0.0613161143526411,-0.0001123416545564,0.9990663467173481,0.0432021091638406,-0.0613685662935820,-0.0431275687534182,0.9971829881644039
image_125_leftcam,0.8877072841066095,4.2095749744128250,1.5189167328365523,3.9442874326561799,-4.9839353849034271,-0.2766940381524650,0.9962074791167725,-0.0107936153297291,0.0863374566449520,0.0048109444605203,0.9975909156120670,0.0692041899141645,-0.0868764258311938,-0.0685263668699272,0.9938594587155697
image_125_rightcam,2.4056945741106217,5.7088079670177949,2.2720731114153740,2.5749348331691482,-5.7757634219752099,1.5657847519710084,0.9945518737418024,0.0227776523463031,0.1017238860359792,-0.0271859804243941,0.9987408457744383,0.0421621328934419,-0.1006354455698110,-0.0446978918445903,0.9939188123582404
image_126_leftcam,0.9265869742539652,5.3962049947077109,1.9096199561016174,1.7644979013970048,-6.0375877230020940,1.3382651471824139,0.9941818551752093,0.0201061489298581,0.1058214610350365,-0.0232254616477371,0.9993288345558277,0.0283276959271468,-0.1051808764539869,-0.0306206335744667,0.9939815692596465
image_126_rightcam,2.3102074479093737,5.9442745448230117,2.5103292152569727,3.2205390235362925,-5.4317732374707663,2.5655017727290006,0.9945118267921274,0.0393781648394773,0.0969308336106768,-0.0445604961880856,0.9976580146026195,0.0518926591979186,-0.0946603853259502,-0.0559271493376400,0.9939374051804812
image_127_leftcam,0.8709195199990342,5.8055497576741892,2.2111760319979261,2.4989352943821821,-7.7717916290822719,2.5879846028752898,0.9898039665317822,0.0392205263303341,0.1369301214208261,-0.0447387390215708,0.9982962896432772,0.0374561519009362,-0.1352277821629505,-0.0432003286890019,0.9898723041546582
image_127_rightcam,2.0726070442473925,6.5206049986834849,2.5065437836367965,1.8961218717577752,-4.0992738307986860,3.8749803270349132,0.9951614219426961,0.0651827687832694,0.0735183713825202,-0.0674067300586903,0.9973274369455366,0.0281836168445745,-0.0714848027190828,-0.0330028812286708,0.9968955475930366
image_128_leftcam,0.7804532256740105,6.0668913004971330,2.4321479119745186,2.3233393813873406,-6.3552313141994015,3.9731323390205291,0.9914661339535731,0.0647551676659612,0.1131444805711221,-0.0688628804317594,0.9970875133829928,0.0327779553108683,-0.1106924067937679,-0.0402896874680524,0.9930377294755370
image_128_rightcam,1.8177328195201827,7.1794399623630545,2.4684542016271185,3.3370898450041526,-1.0511759017998648,4.7681058681722304,0.9963715752227722,0.0819179786249892,0.0230895834974870,-0.0831091361075252,0.9949382635718629,0.0564864866677626,-0.0183454513041367,-0.0582004850375174,0.9981363373597043
image_129_leftcam,0.4979078556776228,6.6926887107908426,2.4039126359026208,1.6962949529421278,-5.1733743897485569,4.9065672653914074,0.9922768352609215,0.0828342531338722,0.0923318401870326,-0.0851827052126563,0.9961271785412148,0.0217841893163977,-0.0901697784028764,-0.0294810223579940,0.9954899700064807
image_129_rightcam,1.4477131040544189,8.2750610731140508,2.4450206311151175,2.9809804202232115,3.0929195422228855,7.4212169637397754,0.9901789480516223,0.1317704509830283,-0.0467140137765102,-0.1289746638229378,0.9899191675127288,0.0585284365301706,0.0539554161057333,-0.0519287014919054,0.9971921695612245
image_130_leftcam,0.2527656875648592,7.3285682290707550,2.4525697231030357,3.3691927072275871,-1.3089497329192288,6.0429920390293894,0.9941836855412545,0.1037576726365357,0.0288642473080091,-0.1052472048163614,0.9928656903758544,0.0560423656961514,-0.0228434953969675,-0.0587542870225467,0.9980110763285752
image_130_rightcam,1.0734880603471726,9.5015670833153631,2.5348387808367603,3.5291256108819451,2.6679799790939573,8.6623548526454588,0.9875214658617133,0.1531583352773748,-0.0366589524863482,-0.1504480598152201,0.9862867752013669,0.0678511485586241,0.0465482089899171,-0.0614891974085838,0.9970217363938858
image_131_leftcam,-0.1702708989034449,8.4717786027007431,2.5292299761731014,2.4465313939923616,1.4270475329831633,8.6392218012282580,0.9883471488474280,0.1511262623806251,-0.0181869784192554,-0.1501655720160083,0.9875929315402713,0.0459402062772720,0.0249041030006111,-0.0426738138740341,0.9987786197467281
image_131_rightcam,0.7564683397839658,10.5622591599841990,2.7516048459318379,5.0151999561729550,2.4005470903680952,8.1393908046177934,0.9890578246192163,0.1446645183950115,-0.0289274381348092,-0.1414575911471428,0.9856182448918006,0.0924468779529878,0.0418851938798381,-0.0873433022844121,0.9952973314943140
image_132_leftcam,-0.5067434477426971,9.7332631648358436,2.6278555395164180,4.1973104172897102,0.2663654240871877,9.3473209730599418,0.9867112472739121,0.1623189395867969,0.0073127528727831,-0.1624170615689621,0.9840201722381489,0.0729725889612529,0.0046489369176827,-0.0731905901043418,0.9973071366964712
image_132_rightcam,0.3401275421581316,11.3302983590846220,2.9457163029535018,2.2890754516295773,3.3989315382167233,9.2697955777249330,0.9852046771714134,0.1632921253384427,-0.0520329307460726,-0.1608002046192014,0.9857717706590935,0.0489623361989476,0.0592877582135995,-0.0398710167175372,0.9974443662440105
image_133_leftcam,-0.8340036102711669,10.5147511997392890,2.8956761640912076,4.4238881054541466,1.2799161051626811,8.7578869262085153,0.9880939704093601,0.1535086671127991,-0.0102661951042489,-0.1522214468537539,0.9851336421218617,0.0796262411361066,0.0223368923177884,-0.0771154736804972,0.9967719232405257
image_133_rightcam,0.1037596688065112,11.8546256236072520,2.9932668350754708,0.7647629043600918,1.7771697369955992,8.7550417493593677,0.9878727221645607,0.1526059058544271,-0.0286168185081919,-0.1521371429665573,0.9881970755737261,0.0179117156495061,0.0310124899541191,-0.0133408142886863,0.9994299615985907
